0 0
1 0
2 0
3 0
4 0
5 0
6 0
7 0
8 0
9 0
10 0
11 0
12 0
13 0
14 0
15 0
16 0
17 0
18 0
19 0
20 0
21 0
22 0
23 0
24 0
25 0
26 0
27 0
28 0
29 0
30 0
31 0
32 0
33 0
34 0
35 0
36 0
37 0
38 0
39 0
40 0
41 0
42 0
43 0
44 0
45 0
46 0
47 0
48 0
49 0
50 0
51 0
52 0
53 0
54 0
55 0
56 0
57 0
58 0
59 0
60 0
61 0
62 0
63 0
64 0
65 0
66 0
67 0
68 0
69 0
70 0
71 0
72 0
73 0
74 0
75 0
76 0
77 0
78 0
79 0
80 0
81 0
82 0
83 0
84 0
85 0
86 0
87 0
88 0
89 0
90 0
91 0
92 0
93 0
94 0
95 0
96 0
97 0
98 0
99 0
100 0
101 0
102 0
103 0
104 0
105 0
106 0
107 0
108 0
109 0
110 0
111 0
112 0
113 0
114 0
115 0
116 0
117 0
118 0
119 0
120 0
121 0
122 0
123 0
124 0
125 0
126 0
127 0
128 0
129 0
130 0
131 0
132 0
133 0
134 0
135 0
136 0
137 0
138 0
139 0
140 0
141 0
142 0
143 0
144 0
145 0
146 0
147 0
148 0
149 0
150 0
151 0
152 0
153 0
154 0
155 0
156 0
157 0
158 0
159 0
160 0
161 0
162 0
163 0
164 0
165 0
166 0
167 0
168 0
169 0
170 0
171 0
172 0
173 0
174 0
175 0
176 0
177 0
178 0
179 0
180 0
181 0
182 0
183 0
184 0
185 0
186 0
187 0
188 0
189 0
190 0
191 0
192 0
193 0
194 0
195 0
196 0
197 0
198 0
199 0
200 0
201 0
202 0
203 0
204 0
205 0
206 0
207 0
208 0
209 0
210 0
211 0
212 0
213 0
214 0
215 0
216 0
217 0
218 0
219 0
220 0
221 0
222 0
223 0
224 0
225 0
226 0
227 0
228 0
229 0
230 0
231 0
232 0
233 0
234 0
235 0
236 0
237 0
238 0
239 0
240 0
241 0
242 0
243 0
244 0
245 0
246 0
247 0
248 0
249 0
250 0
251 0
252 0
253 0
254 0
255 0
256 0
257 0
258 0
259 0
260 0
261 0
262 0
263 0
264 0
265 0
266 0
267 0
268 0
269 0
270 0
271 0
272 0
273 0
274 0
275 0
276 0
277 0
278 0
279 0
280 0
281 0
282 0
283 0
284 0
285 0
286 0
287 0
288 0
289 0
290 0
291 0
292 0
293 0
294 0
295 0
296 0
297 0
298 0
299 0
300 0
301 0
302 0
303 0
304 0
305 0
306 0
307 0
308 0
309 0
310 0
311 0
312 0
313 0
314 0
315 0
316 0
317 0
318 0
319 0
320 0
321 0
322 0
323 0
324 0
325 0
326 0
327 0
328 0
329 0
330 0
331 0
332 0
333 0
334 0
335 0
336 0
337 0
338 0
339 0
340 0
341 0
342 0
343 0
344 0
345 0
346 0
347 0
348 0
349 0
350 0
351 0
352 0
353 0
354 0
355 0
356 0
357 0
358 0
359 0
360 0
361 0
362 0
363 0
364 0
365 0
366 0
367 0
368 0
369 0
370 0
371 0
372 0
373 0
374 0
375 0
376 0
377 0
378 0
379 0
380 0
381 0
382 0
383 0
384 0
385 0
386 0
387 0
388 0
389 0
390 0
391 0
392 0
393 0
394 0
395 0
396 0
397 0
398 0
399 0
400 0
401 0
402 0
403 0
404 0
405 0
406 0
407 0
408 0
409 0
410 0
411 0
412 0
413 0
414 0
415 0
416 0
417 0
418 0
419 0
420 0
421 0
422 0
423 0
424 0
425 0
426 0
427 0
428 0
429 0
430 0
431 0
432 0
433 0
434 0
435 0
436 0
437 0
438 0
439 0
440 0
441 0
442 0
443 0
444 0
445 0
446 0
447 0
448 0
449 0
450 0
451 0
452 0
453 0
454 0
455 0
456 0
457 0
458 0
459 0
460 0
461 0
462 0
463 0
464 0
465 0
466 0
467 0
468 0
469 0
470 0
471 0
472 0
473 0
474 0
475 0
476 0
477 0
478 0
479 0
480 0
481 0
482 0
483 0
484 0
485 0
486 0
487 0
488 0
489 0
490 0
491 0
492 0
493 0
494 0
495 0
496 0
497 0
498 0
499 0
500 0
501 0
502 0
503 0
504 0
505 0
506 0
507 0
508 0
509 0
510 0
511 0
512 0
513 0
514 0
515 0
516 0
517 0
518 0
519 0
520 0
521 0
522 0
523 0
524 0
525 0
526 0
527 0
528 0
529 0
530 0
531 0
532 0
533 0
534 0
535 0
536 0
537 0
538 0
539 0
540 0
541 0
542 0
543 0
544 0
545 0
546 0
547 0
548 0
549 0
550 0
551 0
552 0
553 0
554 0
555 0
556 0
557 0
558 0
559 0
560 0
561 0
562 0
563 0
564 0
565 0
566 0
567 0
568 0
569 0
570 0
571 0
572 0
573 0
574 0
575 0
576 0
577 0
578 0
579 0
580 0
581 0
582 0
583 0
584 0
585 0
586 0
587 0
588 0
589 0
590 0
591 0
592 0
593 0
594 0
595 0
596 0
597 0
598 0
599 0
600 0
601 0
602 0
603 0
604 0
605 0
606 0
607 0
608 0
609 0
610 0
611 0
612 0
613 0
614 0
615 0
616 0
617 0
618 0
619 0
620 0
621 0
622 0
623 0
624 0
625 0
626 0
627 0
628 0
629 0
630 0
631 0
632 0
633 0
634 0
635 0
636 0
637 0
638 0
639 0
640 0
641 0
642 0
643 0
644 0
645 0
646 0
647 0
648 0
649 0
650 0
651 0
652 0
653 0
654 0
655 0
656 0
657 0
658 0
659 0
660 0
661 0
662 0
663 0
664 0
665 0
666 0
667 0
668 0
669 0
670 0
671 0
672 0
673 0
674 0
675 0
676 0
677 0
678 0
679 0
680 0
681 0
682 0
683 0
684 0
685 0
686 0
687 0
688 0
689 0
690 0
691 0
692 0
693 0
694 0
695 0
696 0
697 0
698 0
699 0
700 0
701 0
702 0
703 0
704 0
705 0
706 0
707 0
708 0
709 0
710 0
711 0
712 0
713 0
714 0
715 0
716 0
717 0
718 0
719 0
720 0
721 0
722 0
723 0
724 0
725 0
726 0
727 0
728 0
729 0
730 0
731 0
732 0
733 0
734 0
735 0
736 0
737 0
738 0
739 0
740 0
741 0
742 0
743 0
744 0
745 0
746 0
747 0
748 0
749 0
750 0
751 0
752 0
753 0
754 0
755 0
756 0
757 0
758 0
759 0
760 0
761 0
762 0
763 0
764 0
765 0
766 0
767 0
768 0
769 0
770 0
771 0
772 0
773 0
774 0
775 0
776 0
777 0
778 0
779 0
780 0
781 0
782 0
783 0
784 0
785 0
786 0
787 0
788 0
789 0
790 0
791 0
792 0
793 0
794 0
795 0
796 1
797 0
798 0
799 0
800 0
801 0
802 0
803 0
804 0
805 0
806 0
807 0
808 0
809 0
810 0
811 0
812 0
813 0
814 0
815 0
816 0
817 0
818 0
819 0
820 0
821 0
822 0
823 0
824 0
825 0
826 0
827 0
828 0
829 0
830 0
831 0
832 0
833 0
834 1
835 0
836 0
837 0
838 0
839 0
840 0
841 0
842 0
843 0
844 0
845 0
846 0
847 0
848 0
849 0
850 0
851 0
852 0
853 0
854 0
855 0
856 0
857 0
858 0
859 0
860 0
861 0
862 0
863 0
864 0
865 0
866 0
867 0
868 0
869 0
870 0
871 0
872 0
873 0
874 0
875 0
876 0
877 0
878 0
879 0
880 0
881 0
882 0
883 0
884 0
885 0
886 0
887 0
888 0
889 0
890 0
891 0
892 0
893 0
894 0
895 0
896 0
897 0
898 0
899 0
900 0
901 0
902 0
903 0
904 0
905 0
906 0
907 0
908 0
909 0
910 0
911 0
912 0
913 0
914 0
915 0
916 0
917 0
918 0
919 0
920 0
921 0
922 0
923 0
924 0
925 0
926 0
927 0
928 0
929 0
930 0
931 0
932 0
933 0
934 0
935 0
936 0
937 0
938 0
939 0
940 0
941 0
942 0
943 0
944 0
945 0
946 0
947 0
948 0
949 0
950 0
951 0
952 0
953 0
954 0
955 0
956 0
957 0
958 0
959 0
960 0
961 0
962 0
963 0
964 0
965 0
966 0
967 0
968 0
969 0
970 0
971 0
972 0
973 0
974 0
975 0
976 0
977 0
978 0
979 0
980 0
981 0
982 0
983 0
984 0
985 0
986 0
987 0
988 0
989 0
990 0
991 0
992 0
993 0
994 0
995 0
996 0
997 0
998 0
999 0
1000 0
1001 0
1002 0
1003 0
1004 0
1005 0
1006 0
1007 0
1008 0
1009 0
1010 0
1011 0
1012 0
1013 0
1014 0
1015 0
1016 0
1017 0
1018 0
1019 0
1020 0
1021 0
1022 0
1023 0
1024 0
1025 0
1026 0
1027 0
1028 0
1029 0
1030 0
1031 0
1032 0
1033 0
1034 0
1035 0
1036 0
1037 0
1038 0
1039 0
1040 0
1041 0
1042 0
1043 0
1044 0
1045 0
1046 0
1047 0
1048 0
1049 0
1050 0
1051 0
1052 0
1053 0
1054 0
1055 0
1056 0
1057 0
1058 0
1059 0
1060 0
1061 0
1062 0
1063 0
1064 0
1065 0
1066 0
1067 0
1068 0
1069 0
1070 0
1071 0
1072 0
1073 0
1074 0
1075 0
1076 0
1077 0
1078 0
1079 0
1080 0
1081 0
1082 0
1083 0
1084 0
1085 0
1086 0
1087 0
1088 0
1089 0
1090 0
1091 0
1092 0
1093 0
1094 0
1095 0
1096 0
1097 0
1098 0
1099 0
1100 0
1101 0
1102 0
1103 0
1104 0
1105 0
1106 0
1107 0
1108 0
1109 0
1110 0
1111 0
1112 0
1113 0
1114 0
1115 0
1116 0
1117 0
1118 0
1119 0
1120 0
1121 0
1122 0
1123 0
1124 0
1125 0
1126 0
1127 0
1128 0
1129 0
1130 0
1131 0
1132 0
1133 0
1134 0
1135 0
1136 0
1137 0
1138 0
1139 0
1140 1
1141 0
1142 0
1143 0
1144 0
1145 0
1146 0
1147 0
1148 0
1149 0
1150 0
1151 0
1152 0
1153 0
1154 0
1155 0
1156 0
1157 0
1158 0
1159 0
1160 0
1161 0
1162 0
1163 0
1164 0
1165 0
1166 0
1167 0
1168 0
1169 0
1170 0
1171 0
1172 0
1173 0
1174 0
1175 0
1176 0
1177 0
1178 0
1179 0
1180 0
1181 0
1182 0
1183 0
1184 0
1185 0
1186 0
1187 0
1188 0
1189 0
1190 0
1191 0
1192 0
1193 0
1194 0
1195 0
1196 0
1197 0
1198 0
1199 0
1200 0
1201 0
1202 0
1203 0
1204 0
1205 0
1206 0
1207 0
1208 0
1209 0
1210 0
1211 0
1212 0
1213 0
1214 1
1215 0
1216 0
1217 0
1218 0
1219 0
1220 0
1221 0
1222 0
1223 0
1224 0
1225 1
1226 0
1227 0
1228 0
1229 0
1230 0
1231 0
1232 0
1233 0
1234 0
1235 0
1236 0
1237 0
1238 0
1239 0
1240 0
1241 0
1242 0
1243 0
1244 0
1245 0
1246 0
1247 0
1248 1
1249 0
1250 0
1251 0
1252 0
1253 0
1254 0
1255 0
1256 0
1257 0
1258 0
1259 0
1260 1
1261 0
1262 0
1263 0
1264 0
1265 0
1266 0
1267 0
1268 0
1269 0
1270 0
1271 0
1272 1
1273 0
1274 0
1275 0
1276 0
1277 0
1278 0
1279 0
1280 0
1281 0
1282 0
1283 0
1284 0
1285 0
1286 1
1287 0
1288 0
1289 0
1290 0
1291 0
1292 0
1293 0
1294 0
1295 0
1296 0
1297 0
1298 0
1299 0
1300 0
1301 0
1302 0
1303 0
1304 0
1305 0
1306 0
1307 0
1308 0
1309 0
1310 0
1311 0
1312 0
1313 0
1314 0
1315 0
1316 0
1317 0
1318 0
1319 0
1320 0
1321 0
1322 0
1323 0
1324 2
1325 0
1326 0
1327 1
1328 0
1329 0
1330 0
1331 0
1332 0
1333 0
1334 0
1335 0
1336 0
1337 0
1338 0
1339 0
1340 0
1341 0
1342 0
1343 0
1344 0
1345 0
1346 0
1347 0
1348 0
1349 0
1350 0
1351 0
1352 0
1353 0
1354 1
1355 0
1356 1
1357 0
1358 0
1359 1
1360 0
1361 0
1362 0
1363 0
1364 0
1365 0
1366 0
1367 0
1368 1
1369 0
1370 0
1371 0
1372 1
1373 0
1374 0
1375 0
1376 1
1377 0
1378 0
1379 0
1380 0
1381 0
1382 0
1383 0
1384 0
1385 0
1386 0
1387 0
1388 0
1389 0
1390 0
1391 0
1392 0
1393 0
1394 0
1395 1
1396 0
1397 0
1398 0
1399 0
1400 0
1401 0
1402 0
1403 0
1404 0
1405 0
1406 0
1407 1
1408 0
1409 0
1410 1
1411 2
1412 0
1413 0
1414 0
1415 0
1416 0
1417 0
1418 0
1419 0
1420 0
1421 0
1422 1
1423 1
1424 0
1425 0
1426 0
1427 0
1428 0
1429 0
1430 0
1431 0
1432 1
1433 0
1434 1
1435 0
1436 0
1437 1
1438 0
1439 1
1440 1
1441 0
1442 0
1443 2
1444 1
1445 1
1446 0
1447 1
1448 0
1449 0
1450 0
1451 0
1452 1
1453 0
1454 0
1455 1
1456 3
1457 0
1458 1
1459 0
1460 0
1461 1
1462 0
1463 0
1464 0
1465 1
1466 1
1467 0
1468 0
1469 0
1470 0
1471 1
1472 2
1473 0
1474 0
1475 1
1476 0
1477 0
1478 1
1479 0
1480 0
1481 2
1482 1
1483 2
1484 1
1485 1
1486 0
1487 1
1488 3
1489 0
1490 2
1491 0
1492 1
1493 0
1494 1
1495 1
1496 0
1497 1
1498 3
1499 0
1500 2
1501 0
1502 0
1503 2
1504 1
1505 1
1506 2
1507 0
1508 2
1509 0
1510 2
1511 2
1512 0
1513 0
1514 0
1515 1
1516 2
1517 2
1518 0
1519 0
1520 2
1521 1
1522 2
1523 2
1524 4
1525 2
1526 1
1527 2
1528 0
1529 1
1530 0
1531 3
1532 0
1533 2
1534 3
1535 1
1536 2
1537 1
1538 1
1539 1
1540 3
1541 2
1542 3
1543 1
1544 2
1545 1
1546 2
1547 2
1548 3
1549 1
1550 2
1551 2
1552 2
1553 7
1554 4
1555 3
1556 4
1557 2
1558 1
1559 4
1560 4
1561 1
1562 4
1563 2
1564 4
1565 7
1566 4
1567 4
1568 3
1569 1
1570 1
1571 1
1572 2
1573 4
1574 5
1575 4
1576 3
1577 4
1578 4
1579 2
1580 2
1581 6
1582 4
1583 8
1584 3
1585 2
1586 4
1587 5
1588 4
1589 3
1590 6
1591 5
1592 5
1593 4
1594 6
1595 1
1596 7
1597 5
1598 6
1599 3
1600 6
1601 4
1602 3
1603 2
1604 6
1605 9
1606 2
1607 4
1608 10
1609 3
1610 7
1611 6
1612 7
1613 8
1614 6
1615 6
1616 6
1617 7
1618 7
1619 3
1620 10
1621 5
1622 6
1623 8
1624 12
1625 9
1626 6
1627 10
1628 9
1629 9
1630 7
1631 6
1632 12
1633 5
1634 8
1635 11
1636 10
1637 8
1638 18
1639 12
1640 13
1641 11
1642 12
1643 14
1644 18
1645 14
1646 13
1647 18
1648 12
1649 15
1650 17
1651 12
1652 13
1653 15
1654 14
1655 14
1656 13
1657 14
1658 23
1659 19
1660 14
1661 16
1662 14
1663 14
1664 14
1665 16
1666 18
1667 12
1668 23
1669 15
1670 13
1671 28
1672 18
1673 16
1674 23
1675 19
1676 27
1677 22
1678 25
1679 22
1680 21
1681 26
1682 23
1683 26
1684 27
1685 26
1686 20
1687 23
1688 26
1689 23
1690 35
1691 27
1692 35
1693 29
1694 28
1695 32
1696 33
1697 30
1698 33
1699 21
1700 30
1701 31
1702 21
1703 31
1704 30
1705 29
1706 38
1707 36
1708 29
1709 33
1710 37
1711 39
1712 41
1713 37
1714 39
1715 34
1716 48
1717 43
1718 34
1719 38
1720 43
1721 45
1722 42
1723 50
1724 58
1725 56
1726 42
1727 49
1728 54
1729 44
1730 51
1731 53
1732 62
1733 70
1734 51
1735 64
1736 62
1737 58
1738 73
1739 58
1740 51
1741 62
1742 79
1743 68
1744 58
1745 69
1746 79
1747 71
1748 72
1749 78
1750 73
1751 68
1752 75
1753 70
1754 74
1755 91
1756 87
1757 92
1758 100
1759 91
1760 90
1761 76
1762 96
1763 91
1764 96
1765 106
1766 102
1767 115
1768 112
1769 117
1770 116
1771 104
1772 94
1773 135
1774 86
1775 113
1776 107
1777 104
1778 127
1779 129
1780 122
1781 146
1782 135
1783 142
1784 141
1785 132
1786 167
1787 132
1788 132
1789 145
1790 138
1791 153
1792 137
1793 153
1794 170
1795 162
1796 178
1797 188
1798 170
1799 174
1800 185
1801 196
1802 192
1803 180
1804 158
1805 197
1806 193
1807 181
1808 203
1809 194
1810 206
1811 205
1812 191
1813 205
1814 191
1815 230
1816 222
1817 222
1818 209
1819 240
1820 235
1821 240
1822 240
1823 276
1824 250
1825 247
1826 262
1827 279
1828 245
1829 275
1830 289
1831 305
1832 317
1833 323
1834 320
1835 310
1836 316
1837 285
1838 309
1839 321
1840 316
1841 338
1842 329
1843 328
1844 347
1845 333
1846 332
1847 336
1848 353
1849 355
1850 385
1851 374
1852 374
1853 359
1854 424
1855 403
1856 449
1857 452
1858 404
1859 449
1860 427
1861 440
1862 435
1863 435
1864 430
1865 485
1866 458
1867 511
1868 506
1869 516
1870 529
1871 525
1872 517
1873 561
1874 545
1875 567
1876 574
1877 554
1878 554
1879 562
1880 636
1881 615
1882 633
1883 649
1884 648
1885 632
1886 689
1887 686
1888 659
1889 717
1890 720
1891 701
1892 719
1893 758
1894 713
1895 711
1896 783
1897 794
1898 802
1899 821
1900 817
1901 810
1902 771
1903 845
1904 846
1905 808
1906 903
1907 863
1908 876
1909 890
1910 914
1911 955
1912 947
1913 936
1914 991
1915 1024
1916 1031
1917 1005
1918 1041
1919 1036
1920 1089
1921 1139
1922 1118
1923 1163
1924 1137
1925 1103
1926 1169
1927 1162
1928 1139
1929 1211
1930 1228
1931 1235
1932 1205
1933 1220
1934 1317
1935 1264
1936 1287
1937 1339
1938 1346
1939 1396
1940 1438
1941 1441
1942 1488
1943 1477
1944 1472
1945 1523
1946 1548
1947 1532
1948 1515
1949 1486
1950 1667
1951 1610
1952 1646
1953 1720
1954 1725
1955 1701
1956 1840
1957 1747
1958 1805
1959 1825
1960 1823
1961 1829
1962 1857
1963 1848
1964 1972
1965 1960
1966 1984
1967 2021
1968 2001
1969 2116
1970 2092
1971 2121
1972 2145
1973 2257
1974 2346
1975 2309
1976 2418
1977 2247
1978 2321
1979 2505
1980 2434
1981 2518
1982 2448
1983 2570
1984 2621
1985 2601
1986 2677
1987 2716
1988 2765
1989 2659
1990 2710
1991 2739
1992 2808
1993 2814
1994 2906
1995 2958
1996 2904
1997 3064
1998 3007
1999 3086
2000 3227
2001 3191
2002 3274
2003 3295
2004 3312
2005 3299
2006 3395
2007 3464
2008 3447
2009 3511
2010 3542
2011 3747
2012 3814
2013 3784
2014 3810
2015 3966
2016 3889
2017 3898
2018 3944
2019 4015
2020 4071
2021 4043
2022 4096
2023 4236
2024 4207
2025 4256
2026 4314
2027 4379
2028 4370
2029 4528
2030 4552
2031 4724
2032 4746
2033 4774
2034 4840
2035 4783
2036 4925
2037 4942
2038 5005
2039 5248
2040 5335
2041 5336
2042 5301
2043 5304
2044 5463
2045 5416
2046 5663
2047 5575
2048 5792
2049 5706
2050 5814
2051 5900
2052 5872
2053 5938
2054 6153
2055 6245
2056 6321
2057 6368
2058 6451
2059 6565
2060 6646
2061 6714
2062 6861
2063 7037
2064 7076
2065 7075
2066 7058
2067 7160
2068 7192
2069 7384
2070 7423
2071 7609
2072 7801
2073 7676
2074 7622
2075 8056
2076 8079
2077 8125
2078 8271
2079 8416
2080 8436
2081 8458
2082 8690
2083 8798
2084 8867
2085 8951
2086 9037
2087 9037
2088 9356
2089 9334
2090 9292
2091 9562
2092 9543
2093 9666
2094 9925
2095 10055
2096 10055
2097 10293
2098 10424
2099 10630
2100 10565
2101 10896
2102 10841
2103 11047
2104 11241
2105 11215
2106 11479
2107 11578
2108 11532
2109 11725
2110 11820
2111 12105
2112 12160
2113 12275
2114 12266
2115 12581
2116 12652
2117 12699
2118 12701
2119 12907
2120 13283
2121 13404
2122 13477
2123 13778
2124 13831
2125 14107
2126 14104
2127 14427
2128 14390
2129 14792
2130 15014
2131 15030
2132 15174
2133 15064
2134 15500
2135 15606
2136 15835
2137 15902
2138 16074
2139 16302
2140 16425
2141 16740
2142 16923
2143 17169
2144 17006
2145 17336
2146 17638
2147 17784
2148 18347
2149 18230
2150 18282
2151 18533
2152 18688
2153 19032
2154 19253
2155 19453
2156 19857
2157 20181
2158 20007
2159 20376
2160 20466
2161 20646
2162 20914
2163 21518
2164 21382
2165 21558
2166 22027
2167 21979
2168 22201
2169 22131
2170 22918
2171 22864
2172 23192
2173 23646
2174 23860
2175 23839
2176 24470
2177 24549
2178 24538
2179 24815
2180 25483
2181 25557
2182 25794
2183 26356
2184 26160
2185 26591
2186 26878
2187 27430
2188 27717
2189 27820
2190 28169
2191 28359
2192 28680
2193 29334
2194 29271
2195 29354
2196 29992
2197 30300
2198 30417
2199 30949
2200 31231
2201 31804
2202 31998
2203 32055
2204 32423
2205 32636
2206 32984
2207 33403
2208 33571
2209 34006
2210 34344
2211 34720
2212 35013
2213 35447
2214 35736
2215 36087
2216 36580
2217 37127
2218 36980
2219 37598
2220 38017
2221 38505
2222 38586
2223 38990
2224 39788
2225 39914
2226 40329
2227 40605
2228 41050
2229 41153
2230 41928
2231 42050
2232 42685
2233 43006
2234 43582
2235 43750
2236 44623
2237 44616
2238 44827
2239 45350
2240 46011
2241 46525
2242 46883
2243 46938
2244 47899
2245 48434
2246 48836
2247 49175
2248 49974
2249 49991
2250 50449
2251 51295
2252 51669
2253 52016
2254 52660
2255 53009
2256 53718
2257 53925
2258 54626
2259 54964
2260 55673
2261 55969
2262 56984
2263 57132
2264 57815
2265 58529
2266 58881
2267 59264
2268 59914
2269 60687
2270 61206
2271 61818
2272 62056
2273 62714
2274 63431
2275 64177
2276 64717
2277 65033
2278 66102
2279 66620
2280 67220
2281 68152
2282 69113
2283 68825
2284 69765
2285 70533
2286 70913
2287 72098
2288 72128
2289 72969
2290 73847
2291 74065
2292 74632
2293 75759
2294 76163
2295 77112
2296 77649
2297 78378
2298 79566
2299 80324
2300 80286
2301 81702
2302 82421
2303 82719
2304 83256
2305 83716
2306 84593
2307 85633
2308 86101
2309 87394
2310 87461
2311 88636
2312 90002
2313 90603
2314 90604
2315 91591
2316 92846
2317 93665
2318 94472
2319 94516
2320 95743
2321 97517
2322 97908
2323 98395
2324 99800
2325 100343
2326 101582
2327 101558
2328 102325
2329 103524
2330 104343
2331 105316
2332 106870
2333 107426
2334 108454
2335 109175
2336 110279
2337 111431
2338 112199
2339 113324
2340 114568
2341 115320
2342 116329
2343 117227
2344 118586
2345 119514
2346 120953
2347 122380
2348 122973
2349 123519
2350 124366
2351 125151
2352 126585
2353 127172
2354 128364
2355 130007
2356 130560
2357 132173
2358 133417
2359 133631
2360 134991
2361 136147
2362 137848
2363 138366
2364 139738
2365 141164
2366 142292
2367 143166
2368 144353
2369 145509
2370 147246
2371 148729
2372 149405
2373 150744
2374 151916
2375 152871
2376 154782
2377 155868
2378 156746
2379 159160
2380 159158
2381 161900
2382 161906
2383 164299
2384 164716
2385 165956
2386 167524
2387 169093
2388 170238
2389 171294
2390 173067
2391 174704
2392 174911
2393 177504
2394 179094
2395 179337
2396 181944
2397 183483
2398 185222
2399 185768
2400 186908
2401 189200
2402 190539
2403 191733
2404 193698
2405 195378
2406 196669
2407 198596
2408 200355
2409 202169
2410 204297
2411 204817
2412 207662
2413 208401
2414 209764
2415 211801
2416 212503
2417 214757
2418 217015
2419 218143
2420 219421
2421 222813
2422 222985
2423 225271
2424 226683
2425 228534
2426 231206
2427 231833
2428 234139
2429 235588
2430 236940
2431 239795
2432 241630
2433 243205
2434 244642
2435 247188
2436 248375
2437 250522
2438 253713
2439 253781
2440 256560
2441 259272
2442 261721
2443 263159
2444 265177
2445 266174
2446 269393
2447 271977
2448 272750
2449 274802
2450 276018
2451 278247
2452 281132
2453 282774
2454 284276
2455 287847
2456 289171
2457 292169
2458 293740
2459 295992
2460 297930
2461 300492
2462 302921
2463 304302
2464 307737
2465 309754
2466 312147
2467 316295
2468 318208
2469 320508
2470 321633
2471 324831
2472 327007
2473 329025
2474 331703
2475 334689
2476 335539
2477 338847
2478 340709
2479 343642
2480 347544
2481 349220
2482 351393
2483 354351
2484 355804
2485 359896
2486 361588
2487 364434
2488 367645
2489 369400
2490 372757
2491 375967
2492 378801
2493 381328
2494 384495
2495 386447
2496 389705
2497 391891
2498 395916
2499 398082
2500 400487
2501 403490
2502 407710
2503 409430
2504 413056
2505 414723
2506 418594
2507 421906
2508 423129
2509 426405
2510 428802
2511 433394
2512 436880
2513 439634
2514 442846
2515 446472
2516 448791
2517 452092
2518 456279
2519 458871
2520 461286
2521 464723
2522 468134
2523 470941
2524 474618
2525 477682
2526 481087
2527 484035
2528 489060
2529 492823
2530 495982
2531 499569
2532 502860
2533 505711
2534 511665
2535 514517
2536 516494
2537 521892
2538 523948
2539 527856
2540 530828
2541 535602
2542 539009
2543 542903
2544 547358
2545 550097
2546 553652
2547 558553
2548 561843
2549 564594
2550 568242
2551 573213
2552 576855
2553 581904
2554 584217
2555 587991
2556 592444
2557 598261
2558 601150
2559 604534
2560 608376
2561 613726
2562 618102
2563 621776
2564 625978
2565 631080
2566 634490
2567 639980
2568 641188
2569 647974
2570 651438
2571 656004
2572 660118
2573 664348
2574 668870
2575 673178
2576 676901
2577 679809
2578 686594
2579 691301
2580 697403
2581 700242
2582 704092
2583 709892
2584 713676
2585 719574
2586 725636
2587 728811
2588 733254
2589 738319
2590 743811
2591 749172
2592 752578
2593 759962
2594 764051
2595 767519
2596 772464
2597 778762
2598 782599
2599 789299
2600 794983
2601 797857
2602 804450
2603 808977
2604 814366
2605 820087
2606 826474
2607 830202
2608 835807
2609 839878
2610 845231
2611 852054
2612 857894
2613 863104
2614 868326
2615 873968
2616 878227
2617 884460
2618 891183
2619 896307
2620 901280
2621 906445
2622 914686
2623 918316
2624 926292
2625 932170
2626 937955
2627 941237
2628 950555
2629 955950
2630 961997
2631 969423
2632 973430
2633 980113
2634 984387
2635 991082
2636 997565
2637 1004556
2638 1010613
2639 1016893
2640 1023337
2641 1029233
2642 1035510
2643 1042178
2644 1046524
2645 1055631
2646 1061781
2647 1068190
2648 1075839
2649 1082339
2650 1086597
2651 1093919
2652 1102102
2653 1107493
2654 1116419
2655 1123135
2656 1130888
2657 1137315
2658 1142910
2659 1151097
2660 1158295
2661 1164611
2662 1171353
2663 1180794
2664 1186239
2665 1195140
2666 1200541
2667 1207473
2668 1215389
2669 1221593
2670 1229342
2671 1237382
2672 1244679
2673 1252806
2674 1262596
2675 1268217
2676 1276414
2677 1282328
2678 1289206
2679 1299805
2680 1306995
2681 1313518
2682 1322311
2683 1329969
2684 1339133
2685 1345416
2686 1355355
2687 1360274
2688 1373450
2689 1378582
2690 1384885
2691 1392232
2692 1401461
2693 1410757
2694 1418852
2695 1426797
2696 1436249
2697 1443443
2698 1452261
2699 1460727
2700 1469034
2701 1479056
2702 1486870
2703 1492038
2704 1504884
2705 1515608
2706 1522235
2707 1531243
2708 1540390
2709 1549455
2710 1557500
2711 1566460
2712 1576883
2713 1586198
2714 1593175
2715 1601280
2716 1611595
2717 1623690
2718 1629892
2719 1640100
2720 1651606
2721 1658567
2722 1669199
2723 1676656
2724 1688717
2725 1696836
2726 1706021
2727 1716652
2728 1727153
2729 1736843
2730 1748115
2731 1755178
2732 1766337
2733 1777963
2734 1787600
2735 1798701
2736 1806509
2737 1818370
2738 1828855
2739 1840741
2740 1849435
2741 1856661
2742 1868428
2743 1877116
2744 1891031
2745 1902936
2746 1909605
2747 1923027
2748 1931130
2749 1945098
2750 1953065
2751 1965968
2752 1978224
2753 1986365
2754 1996861
2755 2009683
2756 2020542
2757 2031093
2758 2042290
2759 2054202
2760 2066025
2761 2076573
2762 2089285
2763 2097364
2764 2111209
2765 2122514
2766 2132679
2767 2145003
2768 2154888
2769 2169101
2770 2180041
2771 2190424
2772 2204073
2773 2217979
2774 2229422
2775 2238356
2776 2255891
2777 2264445
2778 2276799
2779 2288855
2780 2301158
2781 2314563
2782 2327400
2783 2339041
2784 2353733
2785 2363266
2786 2380093
2787 2389295
2788 2404996
2789 2412200
2790 2426171
2791 2439311
2792 2452228
2793 2467329
2794 2480678
2795 2494396
2796 2508365
2797 2520689
2798 2534630
2799 2548490
2800 2562778
2801 2577942
2802 2588249
2803 2599136
2804 2617341
2805 2628246
2806 2645759
2807 2656619
2808 2672682
2809 2684754
2810 2700243
2811 2713141
2812 2726590
2813 2740659
2814 2756100
2815 2769336
2816 2782420
2817 2798373
2818 2811640
2819 2824491
2820 2841662
2821 2860821
2822 2871206
2823 2885753
2824 2901608
2825 2916744
2826 2929015
2827 2945746
2828 2963882
2829 2978695
2830 2988974
2831 3006406
2832 3022104
2833 3039700
2834 3054257
2835 3068429
2836 3086800
2837 3100508
2838 3112818
2839 3131613
2840 3146670
2841 3160141
2842 3180611
2843 3192476
2844 3216369
2845 3229277
2846 3240996
2847 3261126
2848 3275236
2849 3290362
2850 3310902
2851 3327359
2852 3343467
2853 3357998
2854 3374872
2855 3393304
2856 3411758
2857 3424241
2858 3446708
2859 3461747
2860 3482934
2861 3501127
2862 3514222
2863 3530385
2864 3546121
2865 3564694
2866 3585113
2867 3597719
2868 3615504
2869 3638450
2870 3652733
2871 3669442
2872 3687048
2873 3712006
2874 3727706
2875 3742375
2876 3760818
2877 3779548
2878 3797242
2879 3819921
2880 3836059
2881 3852500
2882 3870464
2883 3891404
2884 3913085
2885 3927101
2886 3949727
2887 3965573
2888 3986237
2889 4002674
2890 4023126
2891 4045490
2892 4059298
2893 4084020
2894 4102597
2895 4121148
2896 4144701
2897 4158295
2898 4183860
2899 4197071
2900 4215440
2901 4239167
2902 4256858
2903 4275490
2904 4301998
2905 4320364
2906 4343813
2907 4357736
2908 4380694
2909 4404850
2910 4423984
2911 4443243
2912 4468634
2913 4485322
2914 4508211
2915 4530739
2916 4549833
2917 4572770
2918 4591008
2919 4616811
2920 4634379
2921 4659213
2922 4681040
2923 4702559
2924 4722598
2925 4744562
2926 4767370
2927 4783825
2928 4811389
2929 4835417
2930 4853041
2931 4879114
2932 4899723
2933 4927120
2934 4941266
2935 4963375
2936 4988667
2937 5011948
2938 5032972
2939 5055047
2940 5081177
2941 5104876
2942 5126685
2943 5149306
2944 5170901
2945 5192126
2946 5217197
2947 5247883
2948 5267244
2949 5293757
2950 5319051
2951 5335750
2952 5367949
2953 5387708
2954 5409887
2955 5436030
2956 5460750
2957 5485006
2958 5510243
2959 5531372
2960 5557663
2961 5583711
2962 5605531
2963 5630066
2964 5660569
2965 5687146
2966 5705026
2967 5731318
2968 5761557
2969 5780620
2970 5814026
2971 5834571
2972 5858122
2973 5883605
2974 5910294
2975 5935841
2976 5962579
2977 5990461
2978 6015371
2979 6039513
2980 6068229
2981 6092760
2982 6118921
2983 6149096
2984 6171125
2985 6203426
2986 6224312
2987 6254668
2988 6279068
2989 6304289
2990 6336709
2991 6360730
2992 6391223
2993 6423657
2994 6443120
2995 6476163
2996 6499951
2997 6527670
2998 6556776
2999 6584953
3000 6616327
3001 6643404
3002 6674293
3003 6700753
3004 6729008
3005 6757195
3006 6784552
3007 6810342
3008 6836920
3009 6875509
3010 6902720
3011 6925635
3012 6957639
3013 6984927
3014 7019199
3015 7045392
3016 7071852
3017 7102423
3018 7132365
3019 7166958
3020 7195370
3021 7225580
3022 7248964
3023 7284676
3024 7312888
3025 7349319
3026 7377957
3027 7408125
3028 7437115
3029 7469574
3030 7496624
3031 7527334
3032 7556581
3033 7589035
3034 7622363
3035 7652151
3036 7688060
3037 7713029
3038 7744396
3039 7776813
3040 7812534
3041 7840249
3042 7870707
3043 7905875
3044 7939317
3045 7973805
3046 8004556
3047 8037903
3048 8071321
3049 8099646
3050 8133799
3051 8164207
3052 8199130
3053 8234804
3054 8264705
3055 8299777
3056 8330339
3057 8363277
3058 8399314
3059 8434188
3060 8466772
3061 8498316
3062 8538968
3063 8572473
3064 8603729
3065 8636656
3066 8670575
3067 8706618
3068 8737556
3069 8776429
3070 8811055
3071 8845216
3072 8875988
3073 8915393
3074 8946089
3075 8984601
3076 9019116
3077 9052698
3078 9079249
3079 9126179
3080 9154065
3081 9191610
3082 9231254
3083 9260482
3084 9302235
3085 9339549
3086 9378098
3087 9410852
3088 9441300
3089 9481804
3090 9518687
3091 9559118
3092 9589884
3093 9627169
3094 9672532
3095 9705221
3096 9744204
3097 9783723
3098 9819302
3099 9852473
3100 9891356
3101 9925216
3102 9961082
3103 10005536
3104 10037584
3105 10075015
3106 10117347
3107 10165117
3108 10196709
3109 10234738
3110 10272991
3111 10308438
3112 10347699
3113 10383544
3114 10429674
3115 10468633
3116 10500580
3117 10554027
3118 10582911
3119 10625860
3120 10669214
3121 10706667
3122 10743690
3123 10788164
3124 10820854
3125 10864202
3126 10902869
3127 10944376
3128 10984117
3129 11015401
3130 11060044
3131 11108136
3132 11150443
3133 11187722
3134 11226409
3135 11267485
3136 11304676
3137 11354639
3138 11395475
3139 11434437
3140 11478502
3141 11518822
3142 11560441
3143 11604435
3144 11644459
3145 11688327
3146 11735116
3147 11776349
3148 11813615
3149 11857712
3150 11906451
3151 11941560
3152 11984106
3153 12026186
3154 12079003
3155 12115579
3156 12156127
3157 12206819
3158 12248855
3159 12290678
3160 12328722
3161 12373613
3162 12420565
3163 12464674
3164 12508065
3165 12555294
3166 12598057
3167 12646615
3168 12683948
3169 12731875
3170 12768098
3171 12822190
3172 12861857
3173 12912147
3174 12957930
3175 12998465
3176 13043949
3177 13094479
3178 13133014
3179 13184545
3180 13231931
3181 13272190
3182 13320718
3183 13366545
3184 13418512
3185 13460843
3186 13506059
3187 13551810
3188 13606121
3189 13649019
3190 13696235
3191 13738198
3192 13789662
3193 13830629
3194 13883645
3195 13929156
3196 13972956
3197 14023741
3198 14064058
3199 14125924
3200 14166832
3201 14207912
3202 14260666
3203 14313257
3204 14362983
3205 14409530
3206 14453854
3207 14503471
3208 14557124
3209 14605465
3210 14648627
3211 14711618
3212 14759336
3213 14807092
3214 14854006
3215 14899588
3216 14947011
3217 15001021
3218 15057359
3219 15102085
3220 15152358
3221 15201773
3222 15241184
3223 15304655
3224 15348582
3225 15394160
3226 15445288
3227 15500557
3228 15544103
3229 15598802
3230 15658438
3231 15698956
3232 15754126
3233 15802631
3234 15861962
3235 15911408
3236 15966118
3237 16019495
3238 16062382
3239 16116899
3240 16171672
3241 16221105
3242 16272542
3243 16329949
3244 16373442
3245 16431900
3246 16491747
3247 16536861
3248 16591032
3249 16642937
3250 16690668
3251 16755759
3252 16802280
3253 16855746
3254 16909498
3255 16967797
3256 17022785
3257 17073275
3258 17126725
3259 17179758
3260 17241365
3261 17287287
3262 17335122
3263 17402206
3264 17445529
3265 17501141
3266 17556896
3267 17617673
3268 17672833
3269 17730821
3270 17781387
3271 17842058
3272 17897936
3273 17952676
3274 18002955
3275 18055971
3276 18125048
3277 18175166
3278 18228958
3279 18297584
3280 18336207
3281 18396245
3282 18456080
3283 18508064
3284 18563867
3285 18624198
3286 18683317
3287 18732100
3288 18793392
3289 18852203
3290 18905479
3291 18962082
3292 19021735
3293 19084373
3294 19141382
3295 19191008
3296 19255005
3297 19312465
3298 19375445
3299 19429192
3300 19479034
3301 19541601
3302 19609180
3303 19663083
3304 19717267
3305 19775852
3306 19835076
3307 19902689
3308 19954712
3309 20020132
3310 20071264
3311 20142554
3312 20190969
3313 20253252
3314 20321301
3315 20361837
3316 20424458
3317 20493440
3318 20550866
3319 20599186
3320 20666262
3321 20723686
3322 20793301
3323 20858274
3324 20922468
3325 20974070
3326 21040697
3327 21098078
3328 21162215
3329 21218941
3330 21279029
3331 21334711
3332 21406266
3333 21473801
3334 21528929
3335 21590845
3336 21648638
3337 21713264
3338 21763613
3339 21829664
3340 21892015
3341 21955620
3342 22012485
3343 22077605
3344 22149820
3345 22203796
3346 22255580
3347 22333206
3348 22394397
3349 22456243
3350 22520665
3351 22579422
3352 22645062
3353 22708102
3354 22775752
3355 22839320
3356 22905749
3357 22970315
3358 23024404
3359 23100906
3360 23160933
3361 23228943
3362 23290510
3363 23356317
3364 23406565
3365 23482909
3366 23540476
3367 23610177
3368 23681270
3369 23736028
3370 23812675
3371 23883431
3372 23937791
3373 23994612
3374 24070534
3375 24132024
3376 24189348
3377 24253696
3378 24324416
3379 24390739
3380 24457117
3381 24515367
3382 24587879
3383 24649761
3384 24719830
3385 24790172
3386 24839176
3387 24911764
3388 24984588
3389 25042547
3390 25118055
3391 25177688
3392 25247853
3393 25318641
3394 25382621
3395 25451927
3396 25517753
3397 25592097
3398 25652046
3399 25717406
3400 25788214
3401 25858581
3402 25922260
3403 25989021
3404 26058511
3405 26124825
3406 26193448
3407 26251406
3408 26336267
3409 26391986
3410 26462390
3411 26540933
3412 26614903
3413 26672788
3414 26739635
3415 26813921
3416 26871727
3417 26951592
3418 27007326
3419 27085668
3420 27155842
3421 27224722
3422 27292732
3423 27362761
3424 27434395
3425 27505332
3426 27576165
3427 27638682
3428 27711654
3429 27771574
3430 27856656
3431 27921147
3432 27986224
3433 28056257
3434 28125656
3435 28187812
3436 28265260
3437 28332100
3438 28409320
3439 28487158
3440 28551849
3441 28617483
3442 28698579
3443 28761682
3444 28834945
3445 28900079
3446 28972150
3447 29041606
3448 29120764
3449 29186105
3450 29267134
3451 29321896
3452 29407485
3453 29476733
3454 29534756
3455 29607173
3456 29695368
3457 29753437
3458 29817577
3459 29900639
3460 29973683
3461 30039290
3462 30117097
3463 30186208
3464 30260304
3465 30337580
3466 30407849
3467 30473340
3468 30538298
3469 30619508
3470 30693547
3471 30765498
3472 30837413
3473 30926088
3474 30990825
3475 31065749
3476 31138303
3477 31220991
3478 31280113
3479 31351686
3480 31425599
3481 31500067
3482 31571951
3483 31639151
3484 31716769
3485 31781189
3486 31864346
3487 31935822
3488 32011774
3489 32074770
3490 32150429
3491 32223527
3492 32301938
3493 32378465
3494 32433127
3495 32524009
3496 32588031
3497 32658438
3498 32741596
3499 32813044
3500 32891832
3501 32971520
3502 33044778
3503 33119117
3504 33190506
3505 33272937
3506 33328373
3507 33417932
3508 33478460
3509 33573516
3510 33655996
3511 33718267
3512 33791023
3513 33862028
3514 33939111
3515 34016552
3516 34087909
3517 34164646
3518 34240095
3519 34318154
3520 34382329
3521 34465793
3522 34529302
3523 34627193
3524 34695154
3525 34764481
3526 34845292
3527 34909407
3528 34984244
3529 35054398
3530 35139751
3531 35219716
3532 35288374
3533 35368906
3534 35445382
3535 35519373
3536 35608791
3537 35672950
3538 35745944
3539 35815196
3540 35890365
3541 35973222
3542 36048027
3543 36114675
3544 36208111
3545 36263804
3546 36351632
3547 36421989
3548 36496975
3549 36580384
3550 36660274
3551 36727999
3552 36815879
3553 36888718
3554 36963650
3555 37036277
3556 37120111
3557 37192404
3558 37261792
3559 37338428
3560 37418393
3561 37505896
3562 37568794
3563 37649986
3564 37739681
3565 37806198
3566 37882572
3567 37953628
3568 38044375
3569 38114904
3570 38187329
3571 38256922
3572 38349525
3573 38416962
3574 38487399
3575 38567720
3576 38632285
3577 38716724
3578 38784839
3579 38880657
3580 38964534
3581 39018650
3582 39106354
3583 39169381
3584 39254653
3585 39336318
3586 39411295
3587 39489055
3588 39567405
3589 39651707
3590 39718135
3591 39808972
3592 39882959
3593 39951250
3594 40036302
3595 40119679
3596 40187986
3597 40262241
3598 40328724
3599 40409224
3600 40492179
3601 40566213
3602 40649086
3603 40720678
3604 40807353
3605 40874623
3606 40955057
3607 41024419
3608 41098457
3609 41189340
3610 41272176
3611 41342546
3612 41415052
3613 41484848
3614 41569619
3615 41657152
3616 41720002
3617 41797497
3618 41881864
3619 41960510
3620 42043054
3621 42116254
3622 42196805
3623 42285427
3624 42358025
3625 42420547
3626 42501229
3627 42574105
3628 42645492
3629 42722727
3630 42797648
3631 42880239
3632 42965572
3633 43028719
3634 43124218
3635 43181060
3636 43268747
3637 43347935
3638 43415717
3639 43494625
3640 43569893
3641 43637021
3642 43704212
3643 43810085
3644 43879509
3645 43959760
3646 44034651
3647 44110285
3648 44198300
3649 44273852
3650 44336992
3651 44414949
3652 44508966
3653 44571841
3654 44650289
3655 44738069
3656 44820626
3657 44878229
3658 44956887
3659 45041844
3660 45108041
3661 45180862
3662 45258270
3663 45334696
3664 45411116
3665 45491209
3666 45575010
3667 45647161
3668 45716180
3669 45807400
3670 45874587
3671 45948329
3672 46017057
3673 46115209
3674 46187067
3675 46257009
3676 46332230
3677 46400066
3678 46477794
3679 46541217
3680 46642003
3681 46722487
3682 46798822
3683 46863297
3684 46939870
3685 47008547
3686 47103355
3687 47161093
3688 47241366
3689 47317157
3690 47392000
3691 47463703
3692 47540149
3693 47613205
3694 47699985
3695 47760622
3696 47828967
3697 47922265
3698 48009996
3699 48070939
3700 48136839
3701 48223406
3702 48303501
3703 48373749
3704 48455827
3705 48517799
3706 48596251
3707 48667158
3708 48758403
3709 48835596
3710 48905682
3711 48973252
3712 49047027
3713 49108731
3714 49203346
3715 49270533
3716 49355702
3717 49423072
3718 49498912
3719 49560130
3720 49624039
3721 49713973
3722 49770085
3723 49854572
3724 49927933
3725 50013406
3726 50082353
3727 50174437
3728 50235365
3729 50305264
3730 50384841
3731 50458015
3732 50515401
3733 50599986
3734 50682787
3735 50744424
3736 50826491
3737 50882889
3738 50964584
3739 51037826
3740 51126917
3741 51193500
3742 51253720
3743 51326194
3744 51418495
3745 51465126
3746 51560701
3747 51634258
3748 51692079
3749 51770440
3750 51832748
3751 51915875
3752 51964425
3753 52048443
3754 52127737
3755 52200785
3756 52271148
3757 52339662
3758 52421743
3759 52488527
3760 52563050
3761 52635079
3762 52707617
3763 52789457
3764 52837455
3765 52924918
3766 52991468
3767 53060106
3768 53128244
3769 53194007
3770 53278135
3771 53336362
3772 53407756
3773 53481937
3774 53551734
3775 53630071
3776 53690419
3777 53757367
3778 53831934
3779 53900877
3780 53958733
3781 54045230
3782 54107657
3783 54160914
3784 54249141
3785 54325832
3786 54381622
3787 54464703
3788 54524506
3789 54610674
3790 54668340
3791 54739720
3792 54811238
3793 54877486
3794 54949826
3795 55010576
3796 55092652
3797 55154768
3798 55222949
3799 55279286
3800 55360706
3801 55414738
3802 55478968
3803 55548143
3804 55617408
3805 55691139
3806 55764583
3807 55842589
3808 55895037
3809 55961221
3810 56027788
3811 56083783
3812 56163574
3813 56218761
3814 56297459
3815 56355697
3816 56424057
3817 56493951
3818 56566769
3819 56622392
3820 56704532
3821 56759992
3822 56810217
3823 56892526
3824 56955179
3825 57025582
3826 57088734
3827 57157589
3828 57224822
3829 57277661
3830 57347038
3831 57421916
3832 57472844
3833 57532339
3834 57589636
3835 57670684
3836 57723899
3837 57803602
3838 57842012
3839 57906643
3840 58009657
3841 58044121
3842 58093908
3843 58174639
3844 58233195
3845 58290150
3846 58337636
3847 58408538
3848 58495043
3849 58545452
3850 58620135
3851 58680168
3852 58725124
3853 58795513
3854 58862173
3855 58912586
3856 58973379
3857 59046074
3858 59100829
3859 59166467
3860 59222689
3861 59284276
3862 59339718
3863 59413952
3864 59467133
3865 59524065
3866 59585228
3867 59644042
3868 59722979
3869 59761366
3870 59840096
3871 59887647
3872 59941988
3873 59999161
3874 60053785
3875 60123607
3876 60185176
3877 60241202
3878 60292064
3879 60364599
3880 60425638
3881 60475286
3882 60546584
3883 60600267
3884 60643056
3885 60725253
3886 60761212
3887 60823187
3888 60878499
3889 60938198
3890 60998651
3891 61052174
3892 61100037
3893 61164235
3894 61206852
3895 61276417
3896 61321107
3897 61381142
3898 61446837
3899 61495989
3900 61538864
3901 61586894
3902 61654909
3903 61703101
3904 61760709
3905 61817015
3906 61879121
3907 61935513
3908 61983729
3909 62037059
3910 62102764
3911 62157081
3912 62205650
3913 62255195
3914 62311425
3915 62375153
3916 62423915
3917 62477270
3918 62545054
3919 62578812
3920 62638567
3921 62680748
3922 62745515
3923 62778170
3924 62838613
3925 62878346
3926 62930587
3927 62988238
3928 63033998
3929 63077126
3930 63150649
3931 63195554
3932 63241059
3933 63276529
3934 63336180
3935 63379353
3936 63441482
3937 63494911
3938 63523465
3939 63589077
3940 63644873
3941 63704196
3942 63750725
3943 63789530
3944 63854935
3945 63875637
3946 63914893
3947 63992599
3948 64018307
3949 64071418
3950 64123597
3951 64171648
3952 64222130
3953 64257449
3954 64301743
3955 64352010
3956 64391859
3957 64438804
3958 64472966
3959 64529686
3960 64575119
3961 64623315
3962 64669274
3963 64716627
3964 64761492
3965 64789058
3966 64844261
3967 64906949
3968 64936908
3969 64984807
3970 65028269
3971 65082439
3972 65106260
3973 65150013
3974 65206755
3975 65264869
3976 65295198
3977 65329108
3978 65370995
3979 65416007
3980 65460262
3981 65488912
3982 65548141
3983 65557445
3984 65593233
3985 65653569
3986 65706411
3987 65737849
3988 65754695
3989 65814510
3990 65847780
3991 65898917
3992 65945431
3993 65953366
3994 66010282
3995 66065234
3996 66101254
3997 66145893
3998 66181861
3999 66227290
4000 66244921
4001 66296295
4002 66336911
4003 66378948
4004 66395604
4005 66459585
4006 66476155
4007 66505612
4008 66531948
4009 66582866
4010 66627846
4011 66648708
4012 66692005
4013 66720700
4014 66747304
4015 66784881
4016 66808620
4017 66845455
4018 66874528
4019 66910366
4020 66971956
4021 66995805
4022 67042856
4023 67078290
4024 67115431
4025 67127769
4026 67151113
4027 67200620
4028 67237714
4029 67270067
4030 67297951
4031 67349235
4032 67369826
4033 67408611
4034 67434124
4035 67463183
4036 67482452
4037 67506200
4038 67539564
4039 67568947
4040 67616072
4041 67647888
4042 67652685
4043 67686175
4044 67723563
4045 67736866
4046 67782035
4047 67809944
4048 67819805
4049 67870578
4050 67885429
4051 67922754
4052 67934879
4053 67985919
4054 68001718
4055 68018697
4056 68056679
4057 68073620
4058 68100072
4059 68139889
4060 68160994
4061 68207539
4062 68213418
4063 68250962
4064 68269708
4065 68276419
4066 68311252
4067 68335029
4068 68353200
4069 68381789
4070 68402597
4071 68422581
4072 68447588
4073 68468398
4074 68481416
4075 68511185
4076 68540169
4077 68575426
4078 68584594
4079 68598798
4080 68607072
4081 68656161
4082 68692185
4083 68704599
4084 68709962
4085 68739694
4086 68747270
4087 68772564
4088 68783212
4089 68805080
4090 68837812
4091 68835825
4092 68891507
4093 68901218
4094 68913908
4095 68927891
4096 68938527
4097 68963711
4098 68978451
4099 68989586
4100 68996914
4101 69037721
4102 69043062
4103 69053808
4104 69080655
4105 69094013
4106 69104616
4107 69135173
4108 69151563
4109 69157409
4110 69172656
4111 69184781
4112 69202154
4113 69207845
4114 69220061
4115 69234307
4116 69243263
4117 69253085
4118 69282954
4119 69303965
4120 69317143
4121 69323869
4122 69342931
4123 69345338
4124 69374140
4125 69365489
4126 69371019
4127 69385912
4128 69403505
4129 69416288
4130 69418241
4131 69433273
4132 69456476
4133 69468533
4134 69477991
4135 69472535
4136 69481181
4137 69501556
4138 69502576
4139 69498635
4140 69524358
4141 69521211
4142 69543801
4143 69545637
4144 69545635
4145 69568767
4146 69569874
4147 69564816
4148 69571608
4149 69572183
4150 69590050
4151 69581934
4152 69609022
4153 69606807
4154 69603438
4155 69621638
4156 69634492
4157 69625591
4158 69619482
4159 69629186
4160 69627072
4161 69635363
4162 69635847
4163 69654338
4164 69649559
4165 69657000
4166 69636334
4167 69645530
4168 69650828
4169 69647235
4170 69642942
4171 69661643
4172 69678179
4173 69672004
4174 69666983
4175 69660382
4176 69650207
4177 69665233
4178 69655534
4179 69650261
4180 69656300
4181 69651995
4182 69654524
4183 69637483
4184 69654065
4185 69640232
4186 69627446
4187 69634429
4188 69648729
4189 69633242
4190 69631633
4191 69646571
4192 69647333
4193 69613500
4194 69620314
4195 69610846
4196 69611962
4197 69598380
4198 69603470
4199 69605092
4200 69595079
4201 69598794
4202 69575486
4203 69570814
4204 69559295
4205 69553747
4206 69538328
4207 69557094
4208 69537382
4209 69529097
4210 69515042
4211 69508615
4212 69500830
4213 69474828
4214 69483486
4215 69483826
4216 69464511
4217 69462941
4218 69455293
4219 69446612
4220 69437307
4221 69422345
4222 69408461
4223 69406540
4224 69389786
4225 69383846
4226 69365286
4227 69353639
4228 69342704
4229 69316329
4230 69327365
4231 69305807
4232 69305511
4233 69273730
4234 69271752
4235 69250051
4236 69235348
4237 69207947
4238 69204102
4239 69198287
4240 69182915
4241 69158102
4242 69154604
4243 69139385
4244 69126527
4245 69095933
4246 69094949
4247 69073315
4248 69056576
4249 69040197
4250 69026726
4251 69002159
4252 69003790
4253 68983438
4254 68951608
4255 68930350
4256 68927472
4257 68897949
4258 68886678
4259 68856395
4260 68842644
4261 68830450
4262 68807245
4263 68794987
4264 68759950
4265 68734865
4266 68714726
4267 68699013
4268 68682645
4269 68652647
4270 68626872
4271 68606036
4272 68591974
4273 68576251
4274 68546131
4275 68523983
4276 68489756
4277 68459396
4278 68451220
4279 68423259
4280 68393351
4281 68377841
4282 68360560
4283 68338979
4284 68314567
4285 68281610
4286 68269539
4287 68237404
4288 68206027
4289 68181833
4290 68172885
4291 68128898
4292 68104750
4293 68076375
4294 68067089
4295 68033834
4296 67983723
4297 67973545
4298 67947942
4299 67900207
4300 67899450
4301 67841119
4302 67831100
4303 67795860
4304 67782926
4305 67736853
4306 67707441
4307 67694730
4308 67661103
4309 67619499
4310 67589065
4311 67576621
4312 67529058
4313 67508578
4314 67482351
4315 67441371
4316 67428769
4317 67389590
4318 67353271
4319 67323593
4320 67269502
4321 67253117
4322 67232328
4323 67198370
4324 67151422
4325 67111776
4326 67087316
4327 67053780
4328 66999120
4329 66942585
4330 66948871
4331 66922346
4332 66876147
4333 66839338
4334 66798301
4335 66766630
4336 66735636
4337 66710249
4338 66655523
4339 66620117
4340 66603934
4341 66572588
4342 66527253
4343 66481817
4344 66451356
4345 66421433
4346 66386534
4347 66345244
4348 66298772
4349 66269360
4350 66217569
4351 66183451
4352 66142526
4353 66090520
4354 66045898
4355 66014674
4356 65981998
4357 65947772
4358 65909088
4359 65862941
4360 65823439
4361 65777005
4362 65737420
4363 65693147
4364 65650725
4365 65609231
4366 65567420
4367 65523956
4368 65468229
4369 65440988
4370 65422891
4371 65352188
4372 65309499
4373 65267473
4374 65239962
4375 65194715
4376 65143493
4377 65111858
4378 65058642
4379 65014441
4380 64968829
4381 64927519
4382 64883674
4383 64830242
4384 64790444
4385 64744656
4386 64688284
4387 64648353
4388 64589421
4389 64553012
4390 64510783
4391 64445846
4392 64410985
4393 64360227
4394 64311835
4395 64265401
4396 64215594
4397 64186367
4398 64133372
4399 64051423
4400 64034496
4401 63992397
4402 63931776
4403 63886271
4404 63859074
4405 63791507
4406 63751138
4407 63697530
4408 63641313
4409 63582297
4410 63548153
4411 63492895
4412 63452552
4413 63391995
4414 63340202
4415 63298022
4416 63232002
4417 63192296
4418 63131913
4419 63068886
4420 63019721
4421 62981263
4422 62914884
4423 62883113
4424 62829453
4425 62780324
4426 62712595
4427 62655636
4428 62607454
4429 62562224
4430 62489868
4431 62447131
4432 62386841
4433 62338841
4434 62319193
4435 62228033
4436 62200471
4437 62137596
4438 62076277
4439 62027608
4440 61969183
4441 61910271
4442 61848568
4443 61805818
4444 61742604
4445 61680477
4446 61617486
4447 61580933
4448 61514218
4449 61451500
4450 61418314
4451 61348133
4452 61276479
4453 61224364
4454 61158746
4455 61094311
4456 61074634
4457 61002152
4458 60944452
4459 60870813
4460 60808442
4461 60748658
4462 60711750
4463 60652150
4464 60596741
4465 60519449
4466 60472734
4467 60423230
4468 60336071
4469 60300054
4470 60223815
4471 60171798
4472 60097403
4473 60039584
4474 59988748
4475 59938213
4476 59856863
4477 59799755
4478 59743673
4479 59687665
4480 59600479
4481 59540886
4482 59498958
4483 59430964
4484 59368042
4485 59314044
4486 59240812
4487 59194289
4488 59117320
4489 59068392
4490 58992349
4491 58914811
4492 58860601
4493 58823141
4494 58755132
4495 58683968
4496 58627036
4497 58551934
4498 58509437
4499 58445728
4500 58363603
4501 58303520
4502 58237365
4503 58178563
4504 58128150
4505 58041211
4506 57969156
4507 57891297
4508 57862664
4509 57781646
4510 57712433
4511 57654666
4512 57587206
4513 57510249
4514 57448880
4515 57376654
4516 57318656
4517 57250565
4518 57180043
4519 57114193
4520 57046475
4521 56985042
4522 56912276
4523 56838148
4524 56774157
4525 56708851
4526 56652858
4527 56587558
4528 56523568
4529 56437231
4530 56386640
4531 56305454
4532 56237912
4533 56181100
4534 56097230
4535 56027393
4536 55965529
4537 55897030
4538 55817965
4539 55760419
4540 55688927
4541 55606927
4542 55546208
4543 55462931
4544 55410880
4545 55337713
4546 55282762
4547 55208861
4548 55126732
4549 55062987
4550 54995936
4551 54923795
4552 54840108
4553 54778389
4554 54706641
4555 54652209
4556 54569701
4557 54494446
4558 54432930
4559 54367977
4560 54306181
4561 54216715
4562 54136459
4563 54082994
4564 53991270
4565 53924875
4566 53861579
4567 53777236
4568 53703841
4569 53639178
4570 53566462
4571 53470946
4572 53410048
4573 53334464
4574 53264516
4575 53212158
4576 53128323
4577 53035348
4578 52963278
4579 52907371
4580 52837639
4581 52765793
4582 52696161
4583 52623410
4584 52526278
4585 52471810
4586 52398202
4587 52323532
4588 52246816
4589 52163451
4590 52089463
4591 52028838
4592 51960144
4593 51882770
4594 51799195
4595 51725737
4596 51654267
4597 51569422
4598 51502406
4599 51433195
4600 51343580
4601 51278691
4602 51199197
4603 51121405
4604 51039852
4605 50972865
4606 50902218
4607 50840277
4608 50755809
4609 50671740
4610 50596945
4611 50527231
4612 50445723
4613 50371632
4614 50294866
4615 50230989
4616 50143960
4617 50078313
4618 50008007
4619 49928544
4620 49846117
4621 49779399
4622 49695518
4623 49598151
4624 49538456
4625 49467031
4626 49390836
4627 49294670
4628 49242629
4629 49149132
4630 49076461
4631 48992713
4632 48919359
4633 48850270
4634 48759700
4635 48690567
4636 48623741
4637 48533999
4638 48458865
4639 48376529
4640 48300699
4641 48222232
4642 48136016
4643 48068504
4644 47995292
4645 47911515
4646 47832452
4647 47760800
4648 47680414
4649 47586432
4650 47525758
4651 47445676
4652 47372749
4653 47295113
4654 47208049
4655 47137304
4656 47059183
4657 46979309
4658 46910307
4659 46825421
4660 46728677
4661 46662690
4662 46598591
4663 46506404
4664 46420632
4665 46343666
4666 46270086
4667 46188692
4668 46106743
4669 46028825
4670 45959434
4671 45894178
4672 45811230
4673 45728182
4674 45638606
4675 45575236
4676 45494616
4677 45395846
4678 45332665
4679 45262632
4680 45174507
4681 45079086
4682 45006402
4683 44930946
4684 44853175
4685 44775545
4686 44682144
4687 44598095
4688 44521214
4689 44453232
4690 44366925
4691 44298953
4692 44224070
4693 44127268
4694 44051975
4695 43970457
4696 43887386
4697 43828314
4698 43727345
4699 43661265
4700 43586159
4701 43509032
4702 43438385
4703 43346311
4704 43271353
4705 43182989
4706 43104092
4707 43014506
4708 42942674
4709 42866875
4710 42777661
4711 42702025
4712 42621759
4713 42543195
4714 42462538
4715 42371512
4716 42298343
4717 42216685
4718 42130945
4719 42059496
4720 41973649
4721 41903413
4722 41823424
4723 41732734
4724 41651157
4725 41584071
4726 41498088
4727 41425438
4728 41326524
4729 41259083
4730 41178839
4731 41097783
4732 41026960
4733 40932310
4734 40867940
4735 40787659
4736 40707586
4737 40621241
4738 40543966
4739 40456537
4740 40389739
4741 40303779
4742 40219019
4743 40146030
4744 40062321
4745 39994623
4746 39914223
4747 39822165
4748 39729951
4749 39665330
4750 39592469
4751 39501638
4752 39420198
4753 39355050
4754 39262864
4755 39173922
4756 39086619
4757 39014443
4758 38925725
4759 38856903
4760 38786957
4761 38699492
4762 38632249
4763 38538027
4764 38462798
4765 38384426
4766 38301561
4767 38214702
4768 38142518
4769 38060762
4770 37988416
4771 37905039
4772 37841165
4773 37756785
4774 37655101
4775 37583076
4776 37502046
4777 37425257
4778 37358507
4779 37266071
4780 37174778
4781 37115154
4782 37032699
4783 36941747
4784 36869470
4785 36771613
4786 36703468
4787 36636593
4788 36546086
4789 36472034
4790 36382997
4791 36317819
4792 36243900
4793 36152492
4794 36072655
4795 35991904
4796 35923741
4797 35841818
4798 35753983
4799 35676278
4800 35595876
4801 35515567
4802 35438302
4803 35359391
4804 35285902
4805 35207979
4806 35125575
4807 35059206
4808 34968758
4809 34902754
4810 34817257
4811 34726482
4812 34648581
4813 34574997
4814 34501777
4815 34427290
4816 34334244
4817 34250677
4818 34181504
4819 34094481
4820 34020227
4821 33944514
4822 33857424
4823 33779670
4824 33725554
4825 33632340
4826 33563517
4827 33473610
4828 33393285
4829 33319716
4830 33253666
4831 33166295
4832 33096439
4833 33020452
4834 32943175
4835 32864757
4836 32779599
4837 32703244
4838 32627295
4839 32550205
4840 32462362
4841 32395295
4842 32314993
4843 32236971
4844 32155165
4845 32083927
4846 32004245
4847 31924319
4848 31844351
4849 31768261
4850 31683823
4851 31627046
4852 31548803
4853 31473507
4854 31375970
4855 31312671
4856 31235555
4857 31159604
4858 31071501
4859 31003810
4860 30926045
4861 30857305
4862 30776641
4863 30700185
4864 30639061
4865 30543977
4866 30475123
4867 30398706
4868 30323597
4869 30246904
4870 30172777
4871 30091547
4872 30012455
4873 29931635
4874 29872797
4875 29786085
4876 29714545
4877 29642031
4878 29570502
4879 29495136
4880 29411308
4881 29338983
4882 29256459
4883 29187403
4884 29121287
4885 29043819
4886 28963245
4887 28895419
4888 28818642
4889 28736425
4890 28662689
4891 28588079
4892 28516085
4893 28434241
4894 28384060
4895 28308109
4896 28227414
4897 28158056
4898 28080071
4899 28000197
4900 27924705
4901 27855101
4902 27782828
4903 27707165
4904 27643321
4905 27573072
4906 27506842
4907 27428457
4908 27353947
4909 27272737
4910 27197742
4911 27129960
4912 27066472
4913 26985869
4914 26907733
4915 26834426
4916 26768243
4917 26698151
4918 26618103
4919 26544689
4920 26475408
4921 26397622
4922 26324329
4923 26269254
4924 26190279
4925 26106985
4926 26042454
4927 25971046
4928 25907896
4929 25826197
4930 25766788
4931 25695488
4932 25615967
4933 25547359
4934 25477465
4935 25408794
4936 25327060
4937 25258876
4938 25185005
4939 25122341
4940 25052861
4941 24976802
4942 24902515
4943 24836608
4944 24767257
4945 24704567
4946 24629010
4947 24561054
4948 24489881
4949 24426111
4950 24362667
4951 24282650
4952 24201846
4953 24139065
4954 24077032
4955 24011342
4956 23947171
4957 23870149
4958 23802002
4959 23730634
4960 23665387
4961 23587106
4962 23529404
4963 23462556
4964 23384283
4965 23316511
4966 23260732
4967 23182369
4968 23121602
4969 23042644
4970 22977502
4971 22908824
4972 22845103
4973 22771079
4974 22707973
4975 22633093
4976 22565451
4977 22500966
4978 22431593
4979 22376609
4980 22302591
4981 22230602
4982 22164376
4983 22102442
4984 22032729
4985 21973735
4986 21914780
4987 21839557
4988 21786309
4989 21701666
4990 21647732
4991 21572935
4992 21509812
4993 21451204
4994 21376614
4995 21318934
4996 21257525
4997 21192295
4998 21127749
4999 21063359
5000 20987116
5001 20929384
5002 20866251
5003 20794470
5004 20730336
5005 20666441
5006 20609366
5007 20539879
5008 20485905
5009 20411256
5010 20353048
5011 20283989
5012 20212984
5013 20160057
5014 20099105
5015 20032438
5016 19965835
5017 19903803
5018 19850497
5019 19782094
5020 19721233
5021 19663669
5022 19599398
5023 19534248
5024 19470831
5025 19417895
5026 19349238
5027 19280350
5028 19218446
5029 19160703
5030 19103918
5031 19035870
5032 18973223
5033 18922219
5034 18853978
5035 18791411
5036 18728408
5037 18673779
5038 18622751
5039 18555684
5040 18491128
5041 18428207
5042 18361848
5043 18299646
5044 18249179
5045 18189117
5046 18133061
5047 18076111
5048 18018458
5049 17954591
5050 17897267
5051 17830619
5052 17773092
5053 17709486
5054 17647685
5055 17595450
5056 17535998
5057 17478466
5058 17422014
5059 17364218
5060 17305177
5061 17240978
5062 17188379
5063 17130288
5064 17068547
5065 17020928
5066 16964910
5067 16912339
5068 16849459
5069 16788301
5070 16734268
5071 16672418
5072 16616657
5073 16555886
5074 16500163
5075 16455829
5076 16387482
5077 16331947
5078 16280864
5079 16223516
5080 16163488
5081 16108614
5082 16045189
5083 15987880
5084 15936463
5085 15881653
5086 15828244
5087 15773846
5088 15714561
5089 15662407
5090 15616709
5091 15555590
5092 15496658
5093 15441003
5094 15385971
5095 15333974
5096 15282633
5097 15233559
5098 15183486
5099 15124589
5100 15069910
5101 15019041
5102 14962658
5103 14910894
5104 14849845
5105 14804761
5106 14751482
5107 14697908
5108 14641604
5109 14588893
5110 14533990
5111 14488313
5112 14437248
5113 14381015
5114 14327953
5115 14272703
5116 14216654
5117 14172486
5118 14119700
5119 14068836
5120 14017495
5121 13963279
5122 13915026
5123 13866043
5124 13814726
5125 13767761
5126 13708832
5127 13663012
5128 13614304
5129 13560261
5130 13515129
5131 13472939
5132 13414792
5133 13362931
5134 13305830
5135 13261179
5136 13212130
5137 13165670
5138 13123968
5139 13074369
5140 13023529
5141 12972022
5142 12919252
5143 12868154
5144 12824476
5145 12771285
5146 12724199
5147 12671573
5148 12628704
5149 12584010
5150 12537452
5151 12489686
5152 12435668
5153 12388089
5154 12336398
5155 12294116
5156 12250082
5157 12204869
5158 12152793
5159 12106056
5160 12056295
5161 12012169
5162 11970948
5163 11918293
5164 11880148
5165 11835278
5166 11776979
5167 11740864
5168 11694889
5169 11648656
5170 11598645
5171 11554069
5172 11514776
5173 11470574
5174 11420578
5175 11368788
5176 11329456
5177 11282233
5178 11242022
5179 11204523
5180 11154177
5181 11109339
5182 11066314
5183 11022600
5184 10972863
5185 10935730
5186 10883605
5187 10847915
5188 10808454
5189 10762936
5190 10722428
5191 10675835
5192 10633748
5193 10590748
5194 10540729
5195 10501767
5196 10458682
5197 10415488
5198 10371954
5199 10334426
5200 10294765
5201 10247957
5202 10208287
5203 10160671
5204 10124768
5205 10083489
5206 10036367
5207 10001026
5208 9953532
5209 9923202
5210 9884960
5211 9838699
5212 9791610
5213 9755611
5214 9710864
5215 9678584
5216 9637678
5217 9597359
5218 9553503
5219 9512158
5220 9478603
5221 9445106
5222 9404606
5223 9365071
5224 9317185
5225 9282870
5226 9241633
5227 9201065
5228 9165065
5229 9130077
5230 9091459
5231 9054703
5232 9014195
5233 8975977
5234 8932865
5235 8887769
5236 8853712
5237 8810545
5238 8781632
5239 8741628
5240 8704870
5241 8675038
5242 8631439
5243 8598444
5244 8551884
5245 8517410
5246 8488167
5247 8450244
5248 8410140
5249 8371858
5250 8339837
5251 8299577
5252 8263453
5253 8230404
5254 8198159
5255 8158171
5256 8128940
5257 8093089
5258 8055579
5259 8015015
5260 7982640
5261 7946463
5262 7910582
5263 7874504
5264 7842032
5265 7807564
5266 7771618
5267 7737480
5268 7699937
5269 7666648
5270 7636707
5271 7601454
5272 7559117
5273 7531494
5274 7499517
5275 7461728
5276 7424763
5277 7391248
5278 7362881
5279 7329281
5280 7299422
5281 7267150
5282 7238638
5283 7202752
5284 7167002
5285 7129958
5286 7101924
5287 7069261
5288 7039286
5289 7009131
5290 6974127
5291 6948010
5292 6915359
5293 6883252
5294 6849645
5295 6813371
5296 6781088
5297 6756510
5298 6724265
5299 6691214
5300 6656629
5301 6630275
5302 6600713
5303 6570651
5304 6536266
5305 6503268
5306 6477038
5307 6450306
5308 6419604
5309 6386864
5310 6362054
5311 6328930
5312 6298441
5313 6267079
5314 6239529
5315 6210449
5316 6176297
5317 6144900
5318 6116923
5319 6088643
5320 6060966
5321 6037570
5322 6003394
5323 5977394
5324 5948057
5325 5917517
5326 5882791
5327 5857438
5328 5827151
5329 5806445
5330 5775357
5331 5750415
5332 5722711
5333 5696225
5334 5669358
5335 5646852
5336 5608087
5337 5587469
5338 5558882
5339 5531714
5340 5511380
5341 5483332
5342 5453986
5343 5433174
5344 5401152
5345 5370759
5346 5348088
5347 5319945
5348 5292666
5349 5270659
5350 5235147
5351 5216628
5352 5187561
5353 5160946
5354 5132075
5355 5110860
5356 5081735
5357 5059860
5358 5036146
5359 5011266
5360 4986256
5361 4960251
5362 4940593
5363 4912030
5364 4889477
5365 4858227
5366 4837350
5367 4813554
5368 4791228
5369 4763749
5370 4739788
5371 4721537
5372 4696130
5373 4672027
5374 4645973
5375 4622285
5376 4598052
5377 4568369
5378 4547909
5379 4526515
5380 4504413
5381 4478953
5382 4452986
5383 4434662
5384 4413901
5385 4390496
5386 4357547
5387 4339747
5388 4313285
5389 4300916
5390 4276880
5391 4249413
5392 4230039
5393 4210571
5394 4189318
5395 4161534
5396 4142810
5397 4122990
5398 4100107
5399 4083029
5400 4062494
5401 4039133
5402 4018361
5403 3994628
5404 3971900
5405 3953050
5406 3931855
5407 3911683
5408 3886766
5409 3872520
5410 3847703
5411 3833780
5412 3810324
5413 3789401
5414 3766490
5415 3745567
5416 3728129
5417 3705817
5418 3683779
5419 3656593
5420 3644303
5421 3623318
5422 3604133
5423 3584395
5424 3567235
5425 3548368
5426 3530115
5427 3511371
5428 3489653
5429 3470430
5430 3448805
5431 3429290
5432 3414715
5433 3398039
5434 3377228
5435 3360588
5436 3341047
5437 3317478
5438 3302792
5439 3282504
5440 3266930
5441 3247238
5442 3228751
5443 3211942
5444 3193373
5445 3174589
5446 3156465
5447 3135687
5448 3118529
5449 3105849
5450 3088428
5451 3066555
5452 3054615
5453 3037468
5454 3022644
5455 3005849
5456 2983482
5457 2968136
5458 2955058
5459 2934612
5460 2918038
5461 2906146
5462 2885958
5463 2867786
5464 2853659
5465 2834956
5466 2817018
5467 2802777
5468 2784054
5469 2769932
5470 2753827
5471 2737632
5472 2724372
5473 2709907
5474 2690825
5475 2675351
5476 2659440
5477 2644465
5478 2627232
5479 2609653
5480 2598477
5481 2579683
5482 2568491
5483 2552937
5484 2539284
5485 2524521
5486 2509370
5487 2491027
5488 2477794
5489 2467408
5490 2447586
5491 2437784
5492 2420037
5493 2407283
5494 2394402
5495 2377675
5496 2363884
5497 2351447
5498 2337312
5499 2323688
5500 2310851
5501 2293707
5502 2275558
5503 2268604
5504 2251499
5505 2237368
5506 2223833
5507 2211205
5508 2193733
5509 2182034
5510 2172576
5511 2156322
5512 2142975
5513 2131868
5514 2121364
5515 2106162
5516 2094329
5517 2078667
5518 2065852
5519 2054002
5520 2038447
5521 2030561
5522 2018746
5523 2005949
5524 1992504
5525 1980618
5526 1971880
5527 1955479
5528 1941969
5529 1930646
5530 1913923
5531 1908436
5532 1895121
5533 1882450
5534 1872307
5535 1860521
5536 1848819
5537 1833096
5538 1822876
5539 1807581
5540 1803043
5541 1791306
5542 1778446
5543 1765732
5544 1754501
5545 1744717
5546 1731410
5547 1722509
5548 1709685
5549 1700291
5550 1688119
5551 1678893
5552 1669151
5553 1658795
5554 1646835
5555 1635380
5556 1621972
5557 1614025
5558 1601825
5559 1593446
5560 1583002
5561 1571500
5562 1561419
5563 1551654
5564 1542632
5565 1530848
5566 1523476
5567 1510910
5568 1500949
5569 1490992
5570 1481428
5571 1472316
5572 1463657
5573 1452211
5574 1442261
5575 1434761
5576 1426724
5577 1416322
5578 1404269
5579 1397308
5580 1386941
5581 1378059
5582 1369298
5583 1358705
5584 1347167
5585 1339077
5586 1330224
5587 1320284
5588 1314517
5589 1304438
5590 1295588
5591 1287047
5592 1278740
5593 1268440
5594 1260843
5595 1251945
5596 1245918
5597 1232344
5598 1226136
5599 1216281
5600 1209757
5601 1199710
5602 1192280
5603 1185522
5604 1177228
5605 1170513
5606 1159000
5607 1151922
5608 1145256
5609 1136459
5610 1127042
5611 1117926
5612 1111945
5613 1103465
5614 1096275
5615 1090167
5616 1083634
5617 1074447
5618 1067728
5619 1058205
5620 1049659
5621 1042749
5622 1034924
5623 1030024
5624 1023142
5625 1013205
5626 1007664
5627 999810
5628 990847
5629 984143
5630 977370
5631 973652
5632 965936
5633 957093
5634 952387
5635 945275
5636 937295
5637 930085
5638 922254
5639 916526
5640 909631
5641 903617
5642 898749
5643 891566
5644 884662
5645 876600
5646 870625
5647 864180
5648 856173
5649 850872
5650 847699
5651 837448
5652 831700
5653 826870
5654 819918
5655 814126
5656 808322
5657 801948
5658 798667
5659 791657
5660 782912
5661 779157
5662 772016
5663 764834
5664 760876
5665 754512
5666 749557
5667 745058
5668 737962
5669 731849
5670 725639
5671 721154
5672 714854
5673 710467
5674 704490
5675 697304
5676 693486
5677 689801
5678 683888
5679 676522
5680 671422
5681 666841
5682 661511
5683 656872
5684 651673
5685 645177
5686 644157
5687 637014
5688 631519
5689 627882
5690 621715
5691 619334
5692 612321
5693 608058
5694 602467
5695 596858
5696 592268
5697 588705
5698 583417
5699 579663
5700 574772
5701 569491
5702 567129
5703 559628
5704 554890
5705 551611
5706 550323
5707 542579
5708 540088
5709 535377
5710 530676
5711 525256
5712 520054
5713 518124
5714 513373
5715 508822
5716 504778
5717 501288
5718 498830
5719 493206
5720 488817
5721 485634
5722 481405
5723 477340
5724 473421
5725 469519
5726 465329
5727 461735
5728 457837
5729 453065
5730 450835
5731 445860
5732 442955
5733 440152
5734 436212
5735 431432
5736 427548
5737 424455
5738 420943
5739 418386
5740 414384
5741 410369
5742 405663
5743 402894
5744 399578
5745 395939
5746 393479
5747 389776
5748 386958
5749 384478
5750 379435
5751 377545
5752 373421
5753 370325
5754 366104
5755 364565
5756 361357
5757 357527
5758 356639
5759 352667
5760 349591
5761 345192
5762 343003
5763 339445
5764 336705
5765 335001
5766 331644
5767 328682
5768 325291
5769 323277
5770 319961
5771 316409
5772 314010
5773 311875
5774 309478
5775 306379
5776 303472
5777 301308
5778 298681
5779 295462
5780 291941
5781 290124
5782 288052
5783 284673
5784 281366
5785 279569
5786 276751
5787 273937
5788 271494
5789 270309
5790 266949
5791 263736
5792 262208
5793 260050
5794 258290
5795 255346
5796 251926
5797 250667
5798 248458
5799 246591
5800 243994
5801 242555
5802 238843
5803 236518
5804 235238
5805 232562
5806 230920
5807 229008
5808 226540
5809 224742
5810 222645
5811 219672
5812 217863
5813 216310
5814 214511
5815 211480
5816 210377
5817 207901
5818 206780
5819 204648
5820 202098
5821 200983
5822 199155
5823 196572
5824 195325
5825 193797
5826 191271
5827 189455
5828 187896
5829 185832
5830 184037
5831 182173
5832 180357
5833 178928
5834 177019
5835 175086
5836 173528
5837 172463
5838 170057
5839 168352
5840 167158
5841 165301
5842 163179
5843 162071
5844 160785
5845 158046
5846 156375
5847 154849
5848 154987
5849 152852
5850 151845
5851 149339
5852 147495
5853 146411
5854 145133
5855 143379
5856 142482
5857 140540
5858 139564
5859 137992
5860 136555
5861 135680
5862 134397
5863 132077
5864 131375
5865 130121
5866 128681
5867 127513
5868 126446
5869 125398
5870 123373
5871 121751
5872 121309
5873 119442
5874 118438
5875 117778
5876 116853
5877 114231
5878 113882
5879 111845
5880 110737
5881 110468
5882 108927
5883 107357
5884 106717
5885 105848
5886 104419
5887 103208
5888 101825
5889 101468
5890 100204
5891 98960
5892 98137
5893 96443
5894 95741
5895 94715
5896 94019
5897 92839
5898 92219
5899 91115
5900 90777
5901 89431
5902 88173
5903 86942
5904 85865
5905 85115
5906 83503
5907 83638
5908 82544
5909 81705
5910 80903
5911 80465
5912 78751
5913 77563
5914 76970
5915 76135
5916 76518
5917 75384
5918 73673
5919 73082
5920 71738
5921 71244
5922 70998
5923 70143
5924 68665
5925 68869
5926 67823
5927 66847
5928 65972
5929 65515
5930 65584
5931 64115
5932 63758
5933 62488
5934 62025
5935 61951
5936 60636
5937 59601
5938 58880
5939 58229
5940 58065
5941 57829
5942 56199
5943 55949
5944 54927
5945 54360
5946 53473
5947 53323
5948 52200
5949 51867
5950 51362
5951 50785
5952 50000
5953 49565
5954 49092
5955 48322
5956 47964
5957 46936
5958 46858
5959 46486
5960 45914
5961 45256
5962 44486
5963 44366
5964 43592
5965 42653
5966 42717
5967 42058
5968 42003
5969 40766
5970 40680
5971 40020
5972 39686
5973 38999
5974 38577
5975 38157
5976 37413
5977 36877
5978 36879
5979 36345
5980 35564
5981 35337
5982 35370
5983 34683
5984 34179
5985 33586
5986 33428
5987 32820
5988 32452
5989 32110
5990 31698
5991 31609
5992 31041
5993 30731
5994 30222
5995 29559
5996 29426
5997 28982
5998 28489
5999 28735
6000 27974
6001 27670
6002 27236
6003 26914
6004 26480
6005 26052
6006 25641
6007 25689
6008 25255
6009 24628
6010 24683
6011 24078
6012 23685
6013 23488
6014 23202
6015 22780
6016 22562
6017 22490
6018 22113
6019 21579
6020 21545
6021 21353
6022 20848
6023 20723
6024 20404
6025 20071
6026 19844
6027 19829
6028 19251
6029 19220
6030 18780
6031 18703
6032 18429
6033 18168
6034 17695
6035 17468
6036 17432
6037 16950
6038 16672
6039 16533
6040 16317
6041 16258
6042 15947
6043 16029
6044 15599
6045 14855
6046 14976
6047 15037
6048 14631
6049 14499
6050 14487
6051 14204
6052 13992
6053 13687
6054 13496
6055 13268
6056 13053
6057 12866
6058 12885
6059 12496
6060 12363
6061 12092
6062 12078
6063 11726
6064 11590
6065 11564
6066 11262
6067 11283
6068 10960
6069 10768
6070 10509
6071 10479
6072 10313
6073 10185
6074 10044
6075 9943
6076 9796
6077 9628
6078 9530
6079 9103
6080 9209
6081 9287
6082 8938
6083 8916
6084 8760
6085 8644
6086 8557
6087 8508
6088 8185
6089 7979
6090 8043
6091 7858
6092 7816
6093 7750
6094 7485
6095 7452
6096 7271
6097 7284
6098 7030
6099 6834
6100 6863
6101 6710
6102 6656
6103 6549
6104 6222
6105 6236
6106 6180
6107 6161
6108 5965
6109 6004
6110 5767
6111 5829
6112 5667
6113 5625
6114 5524
6115 5459
6116 5445
6117 5095
6118 5341
6119 5071
6120 4923
6121 4894
6122 4869
6123 4707
6124 4744
6125 4652
6126 4497
6127 4545
6128 4375
6129 4283
6130 4250
6131 4047
6132 4099
6133 3981
6134 3935
6135 3943
6136 3770
6137 3723
6138 3666
6139 3545
6140 3521
6141 3615
6142 3396
6143 3502
6144 3310
6145 3361
6146 3167
6147 3183
6148 3034
6149 3130
6150 3054
6151 2974
6152 2893
6153 2889
6154 2779
6155 2799
6156 2673
6157 2752
6158 2555
6159 2562
6160 2553
6161 2435
6162 2407
6163 2434
6164 2283
6165 2287
6166 2195
6167 2167
6168 2147
6169 2132
6170 2132
6171 2056
6172 1987
6173 2013
6174 1990
6175 1925
6176 1920
6177 1817
6178 1846
6179 1877
6180 1727
6181 1742
6182 1779
6183 1704
6184 1709
6185 1645
6186 1601
6187 1547
6188 1544
6189 1469
6190 1503
6191 1400
6192 1413
6193 1321
6194 1397
6195 1273
6196 1215
6197 1242
6198 1241
6199 1127
6200 1241
6201 1186
6202 1114
6203 1166
6204 1140
6205 1064
6206 1068
6207 1040
6208 1055
6209 1011
6210 1012
6211 963
6212 950
6213 906
6214 896
6215 850
6216 850
6217 846
6218 843
6219 806
6220 773
6221 765
6222 754
6223 776
6224 722
6225 734
6226 728
6227 709
6228 683
6229 655
6230 611
6231 659
6232 642
6233 627
6234 614
6235 581
6236 615
6237 571
6238 553
6239 567
6240 501
6241 545
6242 548
6243 495
6244 486
6245 526
6246 460
6247 439
6248 422
6249 445
6250 422
6251 420
6252 381
6253 373
6254 398
6255 343
6256 363
6257 351
6258 343
6259 334
6260 324
6261 343
6262 302
6263 309
6264 300
6265 301
6266 271
6267 277
6268 309
6269 301
6270 305
6271 276
6272 294
6273 268
6274 244
6275 269
6276 253
6277 232
6278 235
6279 229
6280 234
6281 252
6282 210
6283 166
6284 184
6285 174
6286 173
6287 155
6288 176
6289 158
6290 137
6291 140
6292 156
6293 130
6294 149
6295 143
6296 122
6297 138
6298 137
6299 125
6300 148
6301 109
6302 106
6303 132
6304 107
6305 119
6306 105
6307 94
6308 106
6309 100
6310 101
6311 96
6312 70
6313 109
6314 74
6315 78
6316 90
6317 76
6318 73
6319 75
6320 68
6321 79
6322 79
6323 68
6324 57
6325 80
6326 63
6327 64
6328 59
6329 56
6330 54
6331 59
6332 66
6333 53
6334 49
6335 62
6336 51
6337 48
6338 46
6339 35
6340 56
6341 49
6342 36
6343 46
6344 28
6345 27
6346 34
6347 31
6348 33
6349 27
6350 23
6351 30
6352 22
6353 25
6354 28
6355 12
6356 26
6357 25
6358 22
6359 24
6360 30
6361 25
6362 24
6363 26
6364 20
6365 15
6366 33
6367 13
6368 15
6369 21
6370 20
6371 18
6372 18
6373 19
6374 8
6375 17
6376 10
6377 12
6378 21
6379 14
6380 13
6381 16
6382 5
6383 15
6384 8
6385 10
6386 7
6387 6
6388 12
6389 11
6390 6
6391 6
6392 8
6393 4
6394 6
6395 4
6396 8
6397 11
6398 12
6399 4
6400 3
6401 10
6402 5
6403 9
6404 5
6405 4
6406 4
6407 4
6408 7
6409 3
6410 7
6411 4
6412 5
6413 8
6414 2
6415 1
6416 6
6417 1
6418 2
6419 4
6420 5
6421 3
6422 6
6423 5
6424 0
6425 2
6426 6
6427 1
6428 2
6429 1
6430 1
6431 5
6432 1
6433 2
6434 0
6435 1
6436 3
6437 0
6438 2
6439 1
6440 0
6441 4
6442 0
6443 0
6444 0
6445 0
6446 3
6447 0
6448 0
6449 1
6450 1
6451 0
6452 1
6453 2
6454 0
6455 0
6456 0
6457 0
6458 0
6459 1
6460 0
6461 0
6462 0
6463 1
6464 0
6465 0
6466 0
6467 0
6468 0
6469 0
6470 0
6471 0
6472 0
6473 0
6474 0
6475 0
6476 0
6477 0
6478 0
6479 0
6480 0
6481 0
6482 0
6483 0
6484 0
6485 0
6486 0
6487 0
6488 0
6489 0
6490 0
6491 0
6492 0
6493 0
6494 0
6495 0
6496 0
6497 0
6498 0
6499 0
6500 0
6501 0
6502 0
6503 0
6504 0
6505 0
6506 0
6507 0
6508 0
6509 0
6510 0
6511 0
6512 0
6513 0
6514 0
6515 0
6516 0
6517 0
6518 0
6519 0
6520 0
6521 0
6522 0
6523 0
6524 0
6525 0
6526 0
6527 0
6528 0
6529 0
6530 0
6531 0
6532 0
6533 0
6534 0
6535 0
6536 0
6537 0
6538 0
6539 0
6540 0
6541 0
6542 0
6543 0
6544 0
6545 0
6546 0
6547 0
6548 0
6549 0
6550 0
6551 0
6552 0
6553 0
6554 0
6555 0
6556 0
6557 0
6558 0
6559 0
6560 0
6561 0
6562 0
6563 0
6564 0
6565 0
6566 0
6567 0
6568 0
6569 0
6570 0
6571 0
6572 0
6573 0
6574 0
6575 0
6576 0
6577 0
6578 0
6579 0
6580 0
6581 0
6582 0
6583 0
6584 0
6585 0
6586 0
6587 0
6588 0
6589 0
6590 0
6591 0
6592 0
6593 0
6594 0
6595 0
6596 0
6597 0
6598 0
6599 0
6600 0
6601 0
6602 0
6603 0
6604 0
6605 0
6606 0
6607 0
6608 0
6609 0
6610 0
6611 0
6612 0
6613 0
6614 0
6615 0
6616 0
6617 0
6618 0
6619 0
6620 0
6621 0
6622 0
6623 0
6624 0
6625 0
6626 0
6627 0
6628 0
6629 0
6630 0
6631 0
6632 0
6633 0
6634 0
6635 0
6636 0
6637 0
6638 0
6639 0
6640 0
6641 0
6642 0
6643 0
6644 0
6645 0
6646 0
6647 0
6648 0
6649 0
6650 0
6651 0
6652 0
6653 0
6654 0
6655 0
6656 0
6657 0
6658 0
6659 0
6660 0
6661 0
6662 0
6663 0
6664 0
6665 0
6666 0
6667 0
6668 0
6669 0
6670 0
6671 0
6672 0
6673 0
6674 0
6675 0
6676 0
6677 0
6678 0
6679 0
6680 0
6681 0
6682 0
6683 0
6684 0
6685 0
6686 0
6687 0
6688 0
6689 0
6690 0
6691 0
6692 0
6693 0
6694 0
6695 0
6696 0
6697 0
6698 0
6699 0
6700 0
6701 0
6702 0
6703 0
6704 0
6705 0
6706 0
6707 0
6708 0
6709 0
6710 0
6711 0
6712 0
6713 0
6714 0
6715 0
6716 0
6717 0
6718 0
6719 0
6720 0
6721 0
6722 0
6723 0
6724 0
6725 0
6726 0
6727 0
6728 0
6729 0
6730 0
6731 0
6732 0
6733 0
6734 0
6735 0
6736 0
6737 0
6738 0
6739 0
6740 0
6741 0
6742 0
6743 0
6744 0
6745 0
6746 0
6747 0
6748 0
6749 0
6750 0
6751 0
6752 0
6753 0
6754 0
6755 0
6756 0
6757 0
6758 0
6759 0
6760 0
6761 0
6762 0
6763 0
6764 0
6765 0
6766 0
6767 0
6768 0
6769 0
6770 0
6771 0
6772 0
6773 0
6774 0
6775 0
6776 0
6777 0
6778 0
6779 0
6780 0
6781 0
6782 0
6783 0
6784 0
6785 0
6786 0
6787 0
6788 0
6789 0
6790 0
6791 0
6792 0
6793 0
6794 0
6795 0
6796 0
6797 0
6798 0
6799 0
6800 0
6801 0
6802 0
6803 0
6804 0
6805 0
6806 0
6807 0
6808 0
6809 0
6810 0
6811 0
6812 0
6813 0
6814 0
6815 0
6816 0
6817 0
6818 0
6819 0
6820 0
6821 0
6822 0
6823 0
6824 0
6825 0
6826 0
6827 0
6828 0
6829 0
6830 0
6831 0
6832 0
6833 0
6834 0
6835 0
6836 0
6837 0
6838 0
6839 0
6840 0
6841 0
6842 0
6843 0
6844 0
6845 0
6846 0
6847 0
6848 0
6849 0
6850 0
6851 0
6852 0
6853 0
6854 0
6855 0
6856 0
6857 0
6858 0
6859 0
6860 0
6861 0
6862 0
6863 0
6864 0
6865 0
6866 0
6867 0
6868 0
6869 0
6870 0
6871 0
6872 0
6873 0
6874 0
6875 0
6876 0
6877 0
6878 0
6879 0
6880 0
6881 0
6882 0
6883 0
6884 0
6885 0
6886 0
6887 0
6888 0
6889 0
6890 0
6891 0
6892 0
6893 0
6894 0
6895 0
6896 0
6897 0
6898 0
6899 0
6900 0
6901 0
6902 0
6903 0
6904 0
6905 0
6906 0
6907 0
6908 0
6909 0
6910 0
6911 0
6912 0
6913 0
6914 0
6915 0
6916 0
6917 0
6918 0
6919 0
6920 0
6921 0
6922 0
6923 0
6924 0
6925 0
6926 0
6927 0
6928 0
6929 0
6930 0
6931 0
6932 0
6933 0
6934 0
6935 0
6936 0
6937 0
6938 0
6939 0
6940 0
6941 0
6942 0
6943 0
6944 0
6945 0
6946 0
6947 0
6948 0
6949 0
6950 0
6951 0
6952 0
6953 0
6954 0
6955 0
6956 0
6957 0
6958 0
6959 0
6960 0
6961 0
6962 0
6963 0
6964 0
6965 0
6966 0
6967 0
6968 0
6969 0
6970 0
6971 0
6972 0
6973 0
6974 0
6975 0
6976 0
6977 0
6978 0
6979 0
6980 0
6981 0
6982 0
6983 0
6984 0
6985 0
6986 0
6987 0
6988 0
6989 0
6990 0
6991 0
6992 0
6993 0
6994 0
6995 0
6996 0
6997 0
6998 0
6999 0
7000 0
7001 0
7002 0
7003 0
7004 0
7005 0
7006 0
7007 0
7008 0
7009 0
7010 0
7011 0
7012 0
7013 0
7014 0
7015 0
7016 0
7017 0
7018 0
7019 0
7020 0
7021 0
7022 0
7023 0
7024 0
7025 0
7026 0
7027 0
7028 0
7029 0
7030 0
7031 0
7032 0
7033 0
7034 0
7035 0
7036 0
7037 0
7038 0
7039 0
7040 0
7041 0
7042 0
7043 0
7044 0
7045 0
7046 0
7047 0
7048 0
7049 0
7050 0
7051 0
7052 0
7053 0
7054 0
7055 0
7056 0
7057 0
7058 0
7059 0
7060 0
7061 0
7062 0
7063 0
7064 0
7065 0
7066 0
7067 0
7068 0
7069 0
7070 0
7071 0
7072 0
7073 0
7074 0
7075 0
7076 0
7077 0
7078 0
7079 0
7080 0
7081 0
7082 0
7083 0
7084 0
7085 0
7086 0
7087 0
7088 0
7089 0
7090 0
7091 0
7092 0
7093 0
7094 0
7095 0
7096 0
7097 0
7098 0
7099 0
7100 0
7101 0
7102 0
7103 0
7104 0
7105 0
7106 0
7107 0
7108 0
7109 0
7110 0
7111 0
7112 0
7113 0
7114 0
7115 0
7116 0
7117 0
7118 0
7119 0
7120 0
7121 0
7122 0
7123 0
7124 0
7125 0
7126 0
7127 0
7128 0
7129 0
7130 0
7131 0
7132 0
7133 0
7134 0
7135 0
7136 0
7137 0
7138 0
7139 0
7140 0
7141 0
7142 0
7143 0
7144 0
7145 0
7146 0
7147 0
7148 0
7149 0
7150 0
7151 0
7152 0
7153 0
7154 0
7155 0
7156 0
7157 0
7158 0
7159 0
7160 0
7161 0
7162 0
7163 0
7164 0
7165 0
7166 0
7167 0
7168 0
7169 0
7170 0
7171 0
7172 0
7173 0
7174 0
7175 0
7176 0
7177 0
7178 0
7179 0
7180 0
7181 0
7182 0
7183 0
7184 0
7185 0
7186 0
7187 0
7188 0
7189 0
7190 0
7191 0
7192 0
7193 0
7194 0
7195 0
7196 0
7197 0
7198 0
7199 0
7200 0
7201 0
7202 0
7203 0
7204 0
7205 0
7206 0
7207 0
7208 0
7209 0
7210 0
7211 0
7212 0
7213 0
7214 0
7215 0
7216 0
7217 0
7218 0
7219 0
7220 0
7221 0
7222 0
7223 0
7224 0
7225 0
7226 0
7227 0
7228 0
7229 0
7230 0
7231 0
7232 0
7233 0
7234 0
7235 0
7236 0
7237 0
7238 0
7239 0
7240 0
7241 0
7242 0
7243 0
7244 0
7245 0
7246 0
7247 0
7248 0
7249 0
7250 0
7251 0
7252 0
7253 0
7254 0
7255 0
7256 0
7257 0
7258 0
7259 0
7260 0
7261 0
7262 0
7263 0
7264 0
7265 0
7266 0
7267 0
7268 0
7269 0
7270 0
7271 0
7272 0
7273 0
7274 0
7275 0
7276 0
7277 0
7278 0
7279 0
7280 0
7281 0
7282 0
7283 0
7284 0
7285 0
7286 0
7287 0
7288 0
7289 0
7290 0
7291 0
7292 0
7293 0
7294 0
7295 0
7296 0
7297 0
7298 0
7299 0
7300 0
7301 0
7302 0
7303 0
7304 0
7305 0
7306 0
7307 0
7308 0
7309 0
7310 0
7311 0
7312 0
7313 0
7314 0
7315 0
7316 0
7317 0
7318 0
7319 0
7320 0
7321 0
7322 0
7323 0
7324 0
7325 0
7326 0
7327 0
7328 0
7329 0
7330 0
7331 0
7332 0
7333 0
7334 0
7335 0
7336 0
7337 0
7338 0
7339 0
7340 0
7341 0
7342 0
7343 0
7344 0
7345 0
7346 0
7347 0
7348 0
7349 0
7350 0
7351 0
7352 0
7353 0
7354 0
7355 0
7356 0
7357 0
7358 0
7359 0
7360 0
7361 0
7362 0
7363 0
7364 0
7365 0
7366 0
7367 0
7368 0
7369 0
7370 0
7371 0
7372 0
7373 0
7374 0
7375 0
7376 0
7377 0
7378 0
7379 0
7380 0
7381 0
7382 0
7383 0
7384 0
7385 0
7386 0
7387 0
7388 0
7389 0
7390 0
7391 0
7392 0
7393 0
7394 0
7395 0
7396 0
7397 0
7398 0
7399 0
7400 0
7401 0
7402 0
7403 0
7404 0
7405 0
7406 0
7407 0
7408 0
7409 0
7410 0
7411 0
7412 0
7413 0
7414 0
7415 0
7416 0
7417 0
7418 0
7419 0
7420 0
7421 0
7422 0
7423 0
7424 0
7425 0
7426 0
7427 0
7428 0
7429 0
7430 0
7431 0
7432 0
7433 0
7434 0
7435 0
7436 0
7437 0
7438 0
7439 0
7440 0
7441 0
7442 0
7443 0
7444 0
7445 0
7446 0
7447 0
7448 0
7449 0
7450 0
7451 0
7452 0
7453 0
7454 0
7455 0
7456 0
7457 0
7458 0
7459 0
7460 0
7461 0
7462 0
7463 0
7464 0
7465 0
7466 0
7467 0
7468 0
7469 0
7470 0
7471 0
7472 0
7473 0
7474 0
7475 0
7476 0
7477 0
7478 0
7479 0
7480 0
7481 0
7482 0
7483 0
7484 0
7485 0
7486 0
7487 0
7488 0
7489 0
7490 0
7491 0
7492 0
7493 0
7494 0
7495 0
7496 0
7497 0
7498 0
7499 0
7500 0
7501 0
7502 0
7503 0
7504 0
7505 0
7506 0
7507 0
7508 0
7509 0
7510 0
7511 0
7512 0
7513 0
7514 0
7515 0
7516 0
7517 0
7518 0
7519 0
7520 0
7521 0
7522 0
7523 0
7524 0
7525 0
7526 0
7527 0
7528 0
7529 0
7530 0
7531 0
7532 0
7533 0
7534 0
7535 0
7536 0
7537 0
7538 0
7539 0
7540 0
7541 0
7542 0
7543 0
7544 0
7545 0
7546 0
7547 0
7548 0
7549 0
7550 0
7551 0
7552 0
7553 0
7554 0
7555 0
7556 0
7557 0
7558 0
7559 0
7560 0
7561 0
7562 0
7563 0
7564 0
7565 0
7566 0
7567 0
7568 0
7569 0
7570 0
7571 0
7572 0
7573 0
7574 0
7575 0
7576 0
7577 0
7578 0
7579 0
7580 0
7581 0
7582 0
7583 0
7584 0
7585 0
7586 0
7587 0
7588 0
7589 0
7590 0
7591 0
7592 0
7593 0
7594 0
7595 0
7596 0
7597 0
7598 0
7599 0
7600 0
7601 0
7602 0
7603 0
7604 0
7605 0
7606 0
7607 0
7608 0
7609 0
7610 0
7611 0
7612 0
7613 0
7614 0
7615 0
7616 0
7617 0
7618 0
7619 0
7620 0
7621 0
7622 0
7623 0
7624 0
7625 0
7626 0
7627 0
7628 0
7629 0
7630 0
7631 0
7632 0
7633 0
7634 0
7635 0
7636 0
7637 0
7638 0
7639 0
7640 0
7641 0
7642 0
7643 0
7644 0
7645 0
7646 0
7647 0
7648 0
7649 0
7650 0
7651 0
7652 0
7653 0
7654 0
7655 0
7656 0
7657 0
7658 0
7659 0
7660 0
7661 0
7662 0
7663 0
7664 0
7665 0
7666 0
7667 0
7668 0
7669 0
7670 0
7671 0
7672 0
7673 0
7674 0
7675 0
7676 0
7677 0
7678 0
7679 0
7680 0
7681 0
7682 0
7683 0
7684 0
7685 0
7686 0
7687 0
7688 0
7689 0
7690 0
7691 0
7692 0
7693 0
7694 0
7695 0
7696 0
7697 0
7698 0
7699 0
7700 0
7701 0
7702 0
7703 0
7704 0
7705 0
7706 0
7707 0
7708 0
7709 0
7710 0
7711 0
7712 0
7713 0
7714 0
7715 0
7716 0
7717 0
7718 0
7719 0
7720 0
7721 0
7722 0
7723 0
7724 0
7725 0
7726 0
7727 0
7728 0
7729 0
7730 0
7731 0
7732 0
7733 0
7734 0
7735 0
7736 0
7737 0
7738 0
7739 0
7740 0
7741 0
7742 0
7743 0
7744 0
7745 0
7746 0
7747 0
7748 0
7749 0
7750 0
7751 0
7752 0
7753 0
7754 0
7755 0
7756 0
7757 0
7758 0
7759 0
7760 0
7761 0
7762 0
7763 0
7764 0
7765 0
7766 0
7767 0
7768 0
7769 0
7770 0
7771 0
7772 0
7773 0
7774 0
7775 0
7776 0
7777 0
7778 0
7779 0
7780 0
7781 0
7782 0
7783 0
7784 0
7785 0
7786 0
7787 0
7788 0
7789 0
7790 0
7791 0
7792 0
7793 0
7794 0
7795 0
7796 0
7797 0
7798 0
7799 0
7800 0
7801 0
7802 0
7803 0
7804 0
7805 0
7806 0
7807 0
7808 0
7809 0
7810 0
7811 0
7812 0
7813 0
7814 0
7815 0
7816 0
7817 0
7818 0
7819 0
7820 0
7821 0
7822 0
7823 0
7824 0
7825 0
7826 0
7827 0
7828 0
7829 0
7830 0
7831 0
7832 0
7833 0
7834 0
7835 0
7836 0
7837 0
7838 0
7839 0
7840 0
7841 0
7842 0
7843 0
7844 0
7845 0
7846 0
7847 0
7848 0
7849 0
7850 0
7851 0
7852 0
7853 0
7854 0
7855 0
7856 0
7857 0
7858 0
7859 0
7860 0
7861 0
7862 0
7863 0
7864 0
7865 0
7866 0
7867 0
7868 0
7869 0
7870 0
7871 0
7872 0
7873 0
7874 0
7875 0
7876 0
7877 0
7878 0
7879 0
7880 0
7881 0
7882 0
7883 0
7884 0
7885 0
7886 0
7887 0
7888 0
7889 0
7890 0
7891 0
7892 0
7893 0
7894 0
7895 0
7896 0
7897 0
7898 0
7899 0
7900 0
7901 0
7902 0
7903 0
7904 0
7905 0
7906 0
7907 0
7908 0
7909 0
7910 0
7911 0
7912 0
7913 0
7914 0
7915 0
7916 0
7917 0
7918 0
7919 0
7920 0
7921 0
7922 0
7923 0
7924 0
7925 0
7926 0
7927 0
7928 0
7929 0
7930 0
7931 0
7932 0
7933 0
7934 0
7935 0
7936 0
7937 0
7938 0
7939 0
7940 0
7941 0
7942 0
7943 0
7944 0
7945 0
7946 0
7947 0
7948 0
7949 0
7950 0
7951 0
7952 0
7953 0
7954 0
7955 0
7956 0
7957 0
7958 0
7959 0
7960 0
7961 0
7962 0
7963 0
7964 0
7965 0
7966 0
7967 0
7968 0
7969 0
7970 0
7971 0
7972 0
7973 0
7974 0
7975 0
7976 0
7977 0
7978 0
7979 0
7980 0
7981 0
7982 0
7983 0
7984 0
7985 0
7986 0
7987 0
7988 0
7989 0
7990 0
7991 0
7992 0
7993 0
7994 0
7995 0
7996 0
7997 0
7998 0
7999 0
8000 0
8001 0
8002 0
8003 0
8004 0
8005 0
8006 0
8007 0
8008 0
8009 0
8010 0
8011 0
8012 0
8013 0
8014 0
8015 0
8016 0
8017 0
8018 0
8019 0
8020 0
8021 0
8022 0
8023 0
8024 0
8025 0
8026 0
8027 0
8028 0
8029 0
8030 0
8031 0
8032 0
8033 0
8034 0
8035 0
8036 0
8037 0
8038 0
8039 0
8040 0
8041 0
8042 0
8043 0
8044 0
8045 0
8046 0
8047 0
8048 0
8049 0
8050 0
8051 0
8052 0
8053 0
8054 0
8055 0
8056 0
8057 0
8058 0
8059 0
8060 0
8061 0
8062 0
8063 0
8064 0
8065 0
8066 0
8067 0
8068 0
8069 0
8070 0
8071 0
8072 0
8073 0
8074 0
8075 0
8076 0
8077 0
8078 0
8079 0
8080 0
8081 0
8082 0
8083 0
8084 0
8085 0
8086 0
8087 0
8088 0
8089 0
8090 0
8091 0
8092 0
8093 0
8094 0
8095 0
8096 0
8097 0
8098 0
8099 0
8100 0
8101 0
8102 0
8103 0
8104 0
8105 0
8106 0
8107 0
8108 0
8109 0
8110 0
8111 0
8112 0
8113 0
8114 0
8115 0
8116 0
8117 0
8118 0
8119 0
8120 0
8121 0
8122 0
8123 0
8124 0
8125 0
8126 0
8127 0
8128 0
8129 0
8130 0
8131 0
8132 0
8133 0
8134 0
8135 0
8136 0
8137 0
8138 0
8139 0
8140 0
8141 0
8142 0
8143 0
8144 0
8145 0
8146 0
8147 0
8148 0
8149 0
8150 0
8151 0
8152 0
8153 0
8154 0
8155 0
8156 0
8157 0
8158 0
8159 0
8160 0
8161 0
8162 0
8163 0
8164 0
8165 0
8166 0
8167 0
8168 0
8169 0
8170 0
8171 0
8172 0
8173 0
8174 0
8175 0
8176 0
8177 0
8178 0
8179 0
8180 0
8181 0
8182 0
8183 0
8184 0
8185 0
8186 0
8187 0
8188 0
8189 0
8190 0
8191 0
8192 0
8193 0
8194 0
8195 0
8196 0
8197 0
8198 0
8199 0
8200 0
8201 0
8202 0
8203 0
8204 0
8205 0
8206 0
8207 0
8208 0
8209 0
8210 0
8211 0
8212 0
8213 0
8214 0
8215 0
8216 0
8217 0
8218 0
8219 0
8220 0
8221 0
8222 0
8223 0
8224 0
8225 0
8226 0
8227 0
8228 0
8229 0
8230 0
8231 0
8232 0
8233 0
8234 0
8235 0
8236 0
8237 0
8238 0
8239 0
8240 0
8241 0
8242 0
8243 0
8244 0
8245 0
8246 0
8247 0
8248 0
8249 0
8250 0
8251 0
8252 0
8253 0
8254 0
8255 0
8256 0
8257 0
8258 0
8259 0
8260 0
8261 0
8262 0
8263 0
8264 0
8265 0
8266 0
8267 0
8268 0
8269 0
8270 0
8271 0
8272 0
8273 0
8274 0
8275 0
8276 0
8277 0
8278 0
8279 0
8280 0
8281 0
8282 0
8283 0
8284 0
8285 0
8286 0
8287 0
8288 0
8289 0
8290 0
8291 0
8292 0
8293 0
8294 0
8295 0
8296 0
8297 0
8298 0
8299 0
8300 0
8301 0
8302 0
8303 0
8304 0
8305 0
8306 0
8307 0
8308 0
8309 0
8310 0
8311 0
8312 0
8313 0
8314 0
8315 0
8316 0
8317 0
8318 0
8319 0
8320 0
8321 0
8322 0
8323 0
8324 0
8325 0
8326 0
8327 0
8328 0
8329 0
8330 0
8331 0
8332 0
8333 0
8334 0
8335 0
8336 0
8337 0
8338 0
8339 0
8340 0
8341 0
8342 0
8343 0
8344 0
8345 0
8346 0
8347 0
8348 0
8349 0
8350 0
8351 0
8352 0
8353 0
8354 0
8355 0
8356 0
8357 0
8358 0
8359 0
8360 0
8361 0
8362 0
8363 0
8364 0
8365 0
8366 0
8367 0
8368 0
8369 0
8370 0
8371 0
8372 0
8373 0
8374 0
8375 0
8376 0
8377 0
8378 0
8379 0
8380 0
8381 0
8382 0
8383 0
8384 0
8385 0
8386 0
8387 0
8388 0
8389 0
8390 0
8391 0
8392 0
8393 0
8394 0
8395 0
8396 0
8397 0
8398 0
8399 0
8400 0
8401 0
8402 0
8403 0
8404 0
8405 0
8406 0
8407 0
8408 0
8409 0
8410 0
8411 0
8412 0
8413 0
8414 0
8415 0
8416 0
8417 0
8418 0
8419 0
8420 0
8421 0
8422 0
8423 0
8424 0
8425 0
8426 0
8427 0
8428 0
8429 0
8430 0
8431 0
8432 0
8433 0
8434 0
8435 0
8436 0
8437 0
8438 0
8439 0
8440 0
8441 0
8442 0
8443 0
8444 0
8445 0
8446 0
8447 0
8448 0
8449 0
8450 0
8451 0
8452 0
8453 0
8454 0
8455 0
8456 0
8457 0
8458 0
8459 0
8460 0
8461 0
8462 0
8463 0
8464 0
8465 0
8466 0
8467 0
8468 0
8469 0
8470 0
8471 0
8472 0
8473 0
8474 0
8475 0
8476 0
8477 0
8478 0
8479 0
8480 0
8481 0
8482 0
8483 0
8484 0
8485 0
8486 0
8487 0
8488 0
8489 0
8490 0
8491 0
8492 0
8493 0
8494 0
8495 0
8496 0
8497 0
8498 0
8499 0
8500 0
8501 0
8502 0
8503 0
8504 0
8505 0
8506 0
8507 0
8508 0
8509 0
8510 0
8511 0
8512 0
8513 0
8514 0
8515 0
8516 0
8517 0
8518 0
8519 0
8520 0
8521 0
8522 0
8523 0
8524 0
8525 0
8526 0
8527 0
8528 0
8529 0
8530 0
8531 0
8532 0
8533 0
8534 0
8535 0
8536 0
8537 0
8538 0
8539 0
8540 0
8541 0
8542 0
8543 0
8544 0
8545 0
8546 0
8547 0
8548 0
8549 0
8550 0
8551 0
8552 0
8553 0
8554 0
8555 0
8556 0
8557 0
8558 0
8559 0
8560 0
8561 0
8562 0
8563 0
8564 0
8565 0
8566 0
8567 0
8568 0
8569 0
8570 0
8571 0
8572 0
8573 0
8574 0
8575 0
8576 0
8577 0
8578 0
8579 0
8580 0
8581 0
8582 0
8583 0
8584 0
8585 0
8586 0
8587 0
8588 0
8589 0
8590 0
8591 0
8592 0
8593 0
8594 0
8595 0
8596 0
8597 0
8598 0
8599 0
8600 0
8601 0
8602 0
8603 0
8604 0
8605 0
8606 0
8607 0
8608 0
8609 0
8610 0
8611 0
8612 0
8613 0
8614 0
8615 0
8616 0
8617 0
8618 0
8619 0
8620 0
8621 0
8622 0
8623 0
8624 0
8625 0
8626 0
8627 0
8628 0
8629 0
8630 0
8631 0
8632 0
8633 0
8634 0
8635 0
8636 0
8637 0
8638 0
8639 0
8640 0
8641 0
8642 0
8643 0
8644 0
8645 0
8646 0
8647 0
8648 0
8649 0
8650 0
8651 0
8652 0
8653 0
8654 0
8655 0
8656 0
8657 0
8658 0
8659 0
8660 0
8661 0
8662 0
8663 0
8664 0
8665 0
8666 0
8667 0
8668 0
8669 0
8670 0
8671 0
8672 0
8673 0
8674 0
8675 0
8676 0
8677 0
8678 0
8679 0
8680 0
8681 0
8682 0
8683 0
8684 0
8685 0
8686 0
8687 0
8688 0
8689 0
8690 0
8691 0
8692 0
8693 0
8694 0
8695 0
8696 0
8697 0
8698 0
8699 0
8700 0
8701 0
8702 0
8703 0
8704 0
8705 0
8706 0
8707 0
8708 0
8709 0
8710 0
8711 0
8712 0
8713 0
8714 0
8715 0
8716 0
8717 0
8718 0
8719 0
8720 0
8721 0
8722 0
8723 0
8724 0
8725 0
8726 0
8727 0
8728 0
8729 0
8730 0
8731 0
8732 0
8733 0
8734 0
8735 0
8736 0
8737 0
8738 0
8739 0
8740 0
8741 0
8742 0
8743 0
8744 0
8745 0
8746 0
8747 0
8748 0
8749 0
8750 0
8751 0
8752 0
8753 0
8754 0
8755 0
8756 0
8757 0
8758 0
8759 0
8760 0
8761 0
8762 0
8763 0
8764 0
8765 0
8766 0
8767 0
8768 0
8769 0
8770 0
8771 0
8772 0
8773 0
8774 0
8775 0
8776 0
8777 0
8778 0
8779 0
8780 0
8781 0
8782 0
8783 0
8784 0
8785 0
8786 0
8787 0
8788 0
8789 0
8790 0
8791 0
8792 0
8793 0
8794 0
8795 0
8796 0
8797 0
8798 0
8799 0
8800 0
8801 0
8802 0
8803 0
8804 0
8805 0
8806 0
8807 0
8808 0
8809 0
8810 0
8811 0
8812 0
8813 0
8814 0
8815 0
8816 0
8817 0
8818 0
8819 0
8820 0
8821 0
8822 0
8823 0
8824 0
8825 0
8826 0
8827 0
8828 0
8829 0
8830 0
8831 0
8832 0
8833 0
8834 0
8835 0
8836 0
8837 0
8838 0
8839 0
8840 0
8841 0
8842 0
8843 0
8844 0
8845 0
8846 0
8847 0
8848 0
8849 0
8850 0
8851 0
8852 0
8853 0
8854 0
8855 0
8856 0
8857 0
8858 0
8859 0
8860 0
8861 0
8862 0
8863 0
8864 0
8865 0
8866 0
8867 0
8868 0
8869 0
8870 0
8871 0
8872 0
8873 0
8874 0
8875 0
8876 0
8877 0
8878 0
8879 0
8880 0
8881 0
8882 0
8883 0
8884 0
8885 0
8886 0
8887 0
8888 0
8889 0
8890 0
8891 0
8892 0
8893 0
8894 0
8895 0
8896 0
8897 0
8898 0
8899 0
8900 0
8901 0
8902 0
8903 0
8904 0
8905 0
8906 0
8907 0
8908 0
8909 0
8910 0
8911 0
8912 0
8913 0
8914 0
8915 0
8916 0
8917 0
8918 0
8919 0
8920 0
8921 0
8922 0
8923 0
8924 0
8925 0
8926 0
8927 0
8928 0
8929 0
8930 0
8931 0
8932 0
8933 0
8934 0
8935 0
8936 0
8937 0
8938 0
8939 0
8940 0
8941 0
8942 0
8943 0
8944 0
8945 0
8946 0
8947 0
8948 0
8949 0
8950 0
8951 0
8952 0
8953 0
8954 0
8955 0
8956 0
8957 0
8958 0
8959 0
8960 0
8961 0
8962 0
8963 0
8964 0
8965 0
8966 0
8967 0
8968 0
8969 0
8970 0
8971 0
8972 0
8973 0
8974 0
8975 0
8976 0
8977 0
8978 0
8979 0
8980 0
8981 0
8982 0
8983 0
8984 0
8985 0
8986 0
8987 0
8988 0
8989 0
8990 0
8991 0
8992 0
8993 0
8994 0
8995 0
8996 0
8997 0
8998 0
8999 0
9000 0
9001 0
9002 0
9003 0
9004 0
9005 0
9006 0
9007 0
9008 0
9009 0
9010 0
9011 0
9012 0
9013 0
9014 0
9015 0
9016 0
9017 0
9018 0
9019 0
9020 0
9021 0
9022 0
9023 0
9024 0
9025 0
9026 0
9027 0
9028 0
9029 0
9030 0
9031 0
9032 0
9033 0
9034 0
9035 0
9036 0
9037 0
9038 0
9039 0
9040 0
9041 0
9042 0
9043 0
9044 0
9045 0
9046 0
9047 0
9048 0
9049 0
9050 0
9051 0
9052 0
9053 0
9054 0
9055 0
9056 0
9057 0
9058 0
9059 0
9060 0
9061 0
9062 0
9063 0
9064 0
9065 0
9066 0
9067 0
9068 0
9069 0
9070 0
9071 0
9072 0
9073 0
9074 0
9075 0
9076 0
9077 0
9078 0
9079 0
9080 0
9081 0
9082 0
9083 0
9084 0
9085 0
9086 0
9087 0
9088 0
9089 0
9090 0
9091 0
9092 0
9093 0
9094 0
9095 0
9096 0
9097 0
9098 0
9099 0
9100 0
9101 0
9102 0
9103 0
9104 0
9105 0
9106 0
9107 0
9108 0
9109 0
9110 0
9111 0
9112 0
9113 0
9114 0
9115 0
9116 0
9117 0
9118 0
9119 0
9120 0
9121 0
9122 0
9123 0
9124 0
9125 0
9126 0
9127 0
9128 0
9129 0
9130 0
9131 0
9132 0
9133 0
9134 0
9135 0
9136 0
9137 0
9138 0
9139 0
9140 0
9141 0
9142 0
9143 0
9144 0
9145 0
9146 0
9147 0
9148 0
9149 0
9150 0
9151 0
9152 0
9153 0
9154 0
9155 0
9156 0
9157 0
9158 0
9159 0
9160 0
9161 0
9162 0
9163 0
9164 0
9165 0
9166 0
9167 0
9168 0
9169 0
9170 0
9171 0
9172 0
9173 0
9174 0
9175 0
9176 0
9177 0
9178 0
9179 0
9180 0
9181 0
9182 0
9183 0
9184 0
9185 0
9186 0
9187 0
9188 0
9189 0
9190 0
9191 0
9192 0
9193 0
9194 0
9195 0
9196 0
9197 0
9198 0
9199 0
9200 0
9201 0
9202 0
9203 0
9204 0
9205 0
9206 0
9207 0
9208 0
9209 0
9210 0
9211 0
9212 0
9213 0
9214 0
9215 0
9216 0
9217 0
9218 0
9219 0
9220 0
9221 0
9222 0
9223 0
9224 0
9225 0
9226 0
9227 0
9228 0
9229 0
9230 0
9231 0
9232 0
9233 0
9234 0
9235 0
9236 0
9237 0
9238 0
9239 0
9240 0
9241 0
9242 0
9243 0
9244 0
9245 0
9246 0
9247 0
9248 0
9249 0
9250 0
9251 0
9252 0
9253 0
9254 0
9255 0
9256 0
9257 0
9258 0
9259 0
9260 0
9261 0
9262 0
9263 0
9264 0
9265 0
9266 0
9267 0
9268 0
9269 0
9270 0
9271 0
9272 0
9273 0
9274 0
9275 0
9276 0
9277 0
9278 0
9279 0
9280 0
9281 0
9282 0
9283 0
9284 0
9285 0
9286 0
9287 0
9288 0
9289 0
9290 0
9291 0
9292 0
9293 0
9294 0
9295 0
9296 0
9297 0
9298 0
9299 0
9300 0
9301 0
9302 0
9303 0
9304 0
9305 0
9306 0
9307 0
9308 0
9309 0
9310 0
9311 0
9312 0
9313 0
9314 0
9315 0
9316 0
9317 0
9318 0
9319 0
9320 0
9321 0
9322 0
9323 0
9324 0
9325 0
9326 0
9327 0
9328 0
9329 0
9330 0
9331 0
9332 0
9333 0
9334 0
9335 0
9336 0
9337 0
9338 0
9339 0
9340 0
9341 0
9342 0
9343 0
9344 0
9345 0
9346 0
9347 0
9348 0
9349 0
9350 0
9351 0
9352 0
9353 0
9354 0
9355 0
9356 0
9357 0
9358 0
9359 0
9360 0
9361 0
9362 0
9363 0
9364 0
9365 0
9366 0
9367 0
9368 0
9369 0
9370 0
9371 0
9372 0
9373 0
9374 0
9375 0
9376 0
9377 0
9378 0
9379 0
9380 0
9381 0
9382 0
9383 0
9384 0
9385 0
9386 0
9387 0
9388 0
9389 0
9390 0
9391 0
9392 0
9393 0
9394 0
9395 0
9396 0
9397 0
9398 0
9399 0
9400 0
9401 0
9402 0
9403 0
9404 0
9405 0
9406 0
9407 0
9408 0
9409 0
9410 0
9411 0
9412 0
9413 0
9414 0
9415 0
9416 0
9417 0
9418 0
9419 0
9420 0
9421 0
9422 0
9423 0
9424 0
9425 0
9426 0
9427 0
9428 0
9429 0
9430 0
9431 0
9432 0
9433 0
9434 0
9435 0
9436 0
9437 0
9438 0
9439 0
9440 0
9441 0
9442 0
9443 0
9444 0
9445 0
9446 0
9447 0
9448 0
9449 0
9450 0
9451 0
9452 0
9453 0
9454 0
9455 0
9456 0
9457 0
9458 0
9459 0
9460 0
9461 0
9462 0
9463 0
9464 0
9465 0
9466 0
9467 0
9468 0
9469 0
9470 0
9471 0
9472 0
9473 0
9474 0
9475 0
9476 0
9477 0
9478 0
9479 0
9480 0
9481 0
9482 0
9483 0
9484 0
9485 0
9486 0
9487 0
9488 0
9489 0
9490 0
9491 0
9492 0
9493 0
9494 0
9495 0
9496 0
9497 0
9498 0
9499 0
9500 0
9501 0
9502 0
9503 0
9504 0
9505 0
9506 0
9507 0
9508 0
9509 0
9510 0
9511 0
9512 0
9513 0
9514 0
9515 0
9516 0
9517 0
9518 0
9519 0
9520 0
9521 0
9522 0
9523 0
9524 0
9525 0
9526 0
9527 0
9528 0
9529 0
9530 0
9531 0
9532 0
9533 0
9534 0
9535 0
9536 0
9537 0
9538 0
9539 0
9540 0
9541 0
9542 0
9543 0
9544 0
9545 0
9546 0
9547 0
9548 0
9549 0
9550 0
9551 0
9552 0
9553 0
9554 0
9555 0
9556 0
9557 0
9558 0
9559 0
9560 0
9561 0
9562 0
9563 0
9564 0
9565 0
9566 0
9567 0
9568 0
9569 0
9570 0
9571 0
9572 0
9573 0
9574 0
9575 0
9576 0
9577 0
9578 0
9579 0
9580 0
9581 0
9582 0
9583 0
9584 0
9585 0
9586 0
9587 0
9588 0
9589 0
9590 0
9591 0
9592 0
9593 0
9594 0
9595 0
9596 0
9597 0
9598 0
9599 0
9600 0
9601 0
9602 0
9603 0
9604 0
9605 0
9606 0
9607 0
9608 0
9609 0
9610 0
9611 0
9612 0
9613 0
9614 0
9615 0
9616 0
9617 0
9618 0
9619 0
9620 0
9621 0
9622 0
9623 0
9624 0
9625 0
9626 0
9627 0
9628 0
9629 0
9630 0
9631 0
9632 0
9633 0
9634 0
9635 0
9636 0
9637 0
9638 0
9639 0
9640 0
9641 0
9642 0
9643 0
9644 0
9645 0
9646 0
9647 0
9648 0
9649 0
9650 0
9651 0
9652 0
9653 0
9654 0
9655 0
9656 0
9657 0
9658 0
9659 0
9660 0
9661 0
9662 0
9663 0
9664 0
9665 0
9666 0
9667 0
9668 0
9669 0
9670 0
9671 0
9672 0
9673 0
9674 0
9675 0
9676 0
9677 0
9678 0
9679 0
9680 0
9681 0
9682 0
9683 0
9684 0
9685 0
9686 0
9687 0
9688 0
9689 0
9690 0
9691 0
9692 0
9693 0
9694 0
9695 0
9696 0
9697 0
9698 0
9699 0
9700 0
9701 0
9702 0
9703 0
9704 0
9705 0
9706 0
9707 0
9708 0
9709 0
9710 0
9711 0
9712 0
9713 0
9714 0
9715 0
9716 0
9717 0
9718 0
9719 0
9720 0
9721 0
9722 0
9723 0
9724 0
9725 0
9726 0
9727 0
9728 0
9729 0
9730 0
9731 0
9732 0
9733 0
9734 0
9735 0
9736 0
9737 0
9738 0
9739 0
9740 0
9741 0
9742 0
9743 0
9744 0
9745 0
9746 0
9747 0
9748 0
9749 0
9750 0
9751 0
9752 0
9753 0
9754 0
9755 0
9756 0
9757 0
9758 0
9759 0
9760 0
9761 0
9762 0
9763 0
9764 0
9765 0
9766 0
9767 0
9768 0
9769 0
9770 0
9771 0
9772 0
9773 0
9774 0
9775 0
9776 0
9777 0
9778 0
9779 0
9780 0
9781 0
9782 0
9783 0
9784 0
9785 0
9786 0
9787 0
9788 0
9789 0
9790 0
9791 0
9792 0
9793 0
9794 0
9795 0
9796 0
9797 0
9798 0
9799 0
9800 0
9801 0
9802 0
9803 0
9804 0
9805 0
9806 0
9807 0
9808 0
9809 0
9810 0
9811 0
9812 0
9813 0
9814 0
9815 0
9816 0
9817 0
9818 0
9819 0
9820 0
9821 0
9822 0
9823 0
9824 0
9825 0
9826 0
9827 0
9828 0
9829 0
9830 0
9831 0
9832 0
9833 0
9834 0
9835 0
9836 0
9837 0
9838 0
9839 0
9840 0
9841 0
9842 0
9843 0
9844 0
9845 0
9846 0
9847 0
9848 0
9849 0
9850 0
9851 0
9852 0
9853 0
9854 0
9855 0
9856 0
9857 0
9858 0
9859 0
9860 0
9861 0
9862 0
9863 0
9864 0
9865 0
9866 0
9867 0
9868 0
9869 0
9870 0
9871 0
9872 0
9873 0
9874 0
9875 0
9876 0
9877 0
9878 0
9879 0
9880 0
9881 0
9882 0
9883 0
9884 0
9885 0
9886 0
9887 0
9888 0
9889 0
9890 0
9891 0
9892 0
9893 0
9894 0
9895 0
9896 0
9897 0
9898 0
9899 0
9900 0
9901 0
9902 0
9903 0
9904 0
9905 0
9906 0
9907 0
9908 0
9909 0
9910 0
9911 0
9912 0
9913 0
9914 0
9915 0
9916 0
9917 0
9918 0
9919 0
9920 0
9921 0
9922 0
9923 0
9924 0
9925 0
9926 0
9927 0
9928 0
9929 0
9930 0
9931 0
9932 0
9933 0
9934 0
9935 0
9936 0
9937 0
9938 0
9939 0
9940 0
9941 0
9942 0
9943 0
9944 0
9945 0
9946 0
9947 0
9948 0
9949 0
9950 0
9951 0
9952 0
9953 0
9954 0
9955 0
9956 0
9957 0
9958 0
9959 0
9960 0
9961 0
9962 0
9963 0
9964 0
9965 0
9966 0
9967 0
9968 0
9969 0
9970 0
9971 0
9972 0
9973 0
9974 0
9975 0
9976 0
9977 0
9978 0
9979 0
9980 0
9981 0
9982 0
9983 0
9984 0
9985 0
9986 0
9987 0
9988 0
9989 0
9990 0
9991 0
9992 0
9993 0
9994 0
9995 0
9996 0
9997 0
9998 0
9999 0
